0.6297570168972015
0.6469100969178336
0.6406164595058986
0.6422915373529706
0.6418914369174412
0.638547054358891
0.6523501319544656
0.6579193898609706
0.6371244745595115
0.6464775630405971
0.6422774621418544
0.6464469517980304
0.642250405890601
0.6386672726699284
0.643218036208834
0.6457122904913766
0.6399508757250649
0.6314100836004529
0.6371528634003231
0.6463017889431545
0.6478714048862457
0.639282592705318
0.6572344771453312
0.6341553287846702
0.6451757422515324
0.6319579524653298
0.6384611087185996
0.6493070679051536
0.6419598971094403
0.6459689906665257
0.6409696127687182
0.6370163985661098
0.6405106016567775
0.6348409908158439
0.6366043133395058
0.644631164414542
0.6490948838847024
0.6423810933317456
0.6297584090914045
0.6516423523426056
0.6377825481551034
0.6405605120318276
0.6372343259198325
0.6316874708448138
0.6382016326699939
0.6414962368352073
0.6419184080192021
0.6453690315995898
0.6364994261945996
0.6649932180132184
0.6375159238065992
0.6470739458288465
0.6373539652143206
0.6522911744458335
0.6525352597236633
0.6373450074877057
0.6365348015512738
0.6436478495597839
0.649969049862453
0.6427519704614367
0.6367827441011157
0.6343778116362435
0.640649288892746
0.6356992593833378
0.6431476644107273
0.6464845708438328
0.6395232932908195
0.6287857336657388
0.6375627517700195
0.6396771669387817
0.6392942028386253
0.6507369365010943
0.6345378756523132
0.6377944903714317
0.6404694787093571
0.6289684644767216
0.6385233146803719
0.6341114086764199
0.6272763993058886
0.6500801018306187
0.6232586801052094
0.652946263551712
0.6499025097915104
0.6315585970878601
0.6435772691454206
0.6345704410757337
0.6344743030411857
0.6378177617277417
0.6538178750446865
0.652031660079956
0.646476754120418
0.6402076695646558
0.6522134627614703
0.6444873937538692
0.6281764890466418
0.6365645357540676
0.6468023487499782
0.6355605210576739
0.6470101262841906
0.6413602360657283
0.6488040557929448
0.6451763979026249
0.6317433672291892
0.6387891556535449
0.6432280285017831
0.6424244216510228
0.6504458146435874
0.6408674546650478
0.66743089897292
0.6395694315433502
0.6383700030190604
0.6392899240766253
0.6517320871353149
0.6350964265210288
0.6337988376617432
0.6279819480010441
0.6473157150404794
0.6339076629706791
0.646772176027298
0.6432169760976519
0.6334427382264819
0.6406445716108594
0.6336929755551475
0.6389000543526241
0.6431830780846732
0.6245479924338204
0.633632459810802
0.6440350881644658
0.6436981303351266
0.6384868494101933
0.6340298695223672
0.6441468894481659
0.6334582141467503
0.6510428019932338
0.6395587750843593
0.6386302496705737
0.648940771818161
0.6356808543205261
0.638593350137983
0.6301728955336979
0.6450809708663395
0.648915729352406
0.6458653637341091
0.6480835974216461
0.6450862543923515
0.6505349746772221
0.6334449563707624
0.6369457031999316
0.6405441420418876
0.6510158819811684
0.6563412632261004
0.6367797383240291
0.6381086451666695
0.6489693139280591
0.6496504502637046
0.6449321806430817
0.6289232075214386
0.641584289925439
0.6479243593556541
0.6468923177037921
0.634794465133122
0.634928286075592
0.6505090892314911
0.6375742214066642
0.6472537985869816
0.6372836870806557
0.6445759790284293
0.6330735087394714
0.6526144444942474
0.6334871436868396
0.6278102014745984
0.629870423248836
0.6418825260230473
0.6457977550370353
0.6491570557866778
0.6479248830250331
0.6492959686688015
0.6456821390560695
0.6311606849942889
0.648397296667099
0.635617698941912
0.6478358932903835
0.626621425151825
0.6364298505442483
0.6445435881614685
0.6416020776544299
0.6462463991982597
0.6486844931329999
0.6324330653463092
0.6432142087391445
0.6325150089604514
0.6298869848251343
0.6486905259745461
0.6492394123758588
0.6424254349299839
0.6375681076731
0.6466888019016811
0.6417783626488277
0.6414380371570587
0.630928065095629
0.6250556366784232
0.6377276863370623
0.6367178346429553
0.6423979529312679
0.6403529984610421
0.6477571300097874
0.6529849171638489
0.6305364625794547
0.6505416716848101
0.642582540001188
0.6407436771052224
0.6370331559862409
0.6425635984965733
0.6498495510646275
0.6337895521095821
0.6385785554136548
0.6408759142671313
0.6501061235155378
0.6469759600503104
0.6471637913158962
0.6438035837241581
0.6268953127520425
0.6506352594920567
0.640453542981829
0.6328929151807513
0.6366851329803467
0.6349224661077771
0.6470088022095817
0.6309737818581718
0.6394956622804914
0.6446618863514492
0.6400027998856136
0.6389437913894653
0.6393603299345288
0.647168197802135
0.6377362438610622
0.6529041869299752
0.6427882313728333
0.6653425565787724
0.635539323091507
0.6470194288662502
0.6403997029576983
0.6536399296351841
0.6351233891078404
0.6501785303865161
0.626982889005116
0.6389977591378349
0.6417403135980878
0.6142534443310329
0.6419598502772195
0.6411264879362923
0.6328781630311694
0.6432738985334124
0.6416602773325784
0.6381309075014931
0.6500069030693599
0.6328127086162567
0.6456984622137887
0.6505459802491325
0.6278670089585441
0.6499954760074615
0.6458214393683842
0.6376363379614693
0.649132775408881
0.6264835000038147
0.6400194253240313
0.6378952307360513
0.6370208561420441
0.6352367784295764
0.6335964160306113
0.638247413294656
0.6403776960713523
0.6498307543141502
0.6406165616852897
0.6377174215657371
0.6345771721431187
0.6502042072159904
0.6504400202206203
0.6460713275841304
0.6414648805345807
0.6486258251326424
0.6425023547240666
0.6289849281311035
0.6360418115343366
0.6409854633467538
0.6398477341447558
0.6465144498007638
0.6448123327323368
0.6371148569243295
0.6384584052222115
0.6502123730523246
0.6467118646417346
0.644680027450834
0.6453798285552433
0.6411214428288596
0.6402839081627982
0.6348452482904706
0.6357339407716479
0.6330341867038182
0.6310524046421051
0.6394865938595363
0.6506617878164563
0.643534025975636
0.6588683000632695
0.65013074023383
0.6418591610022953
0.6462706199714116
0.6446237819535392
0.6196278716836657
0.6371555924415588
0.6492027129445758
0.6375336732183184
0.6460183475698743
0.6441431897027152
0.6326790920325688
0.632629279579435
0.6384529982294355
0.6357636494295937
0.6369323517595019
0.6299386365073067
0.6417436131409237
0.635785664830889
0.6440190630299705
0.6332901971680778
0.6411068737506866
0.6404182357447488
0.6448032813412803
0.6520138808659145
0.6619531639984676
0.6338824714933123
0.6347181030682155
0.6332133284636906
0.6484834807259696
0.6498671557222094
0.6535951580320086
0.6462979444435665
0.6591585065637316
0.6462728296007428
0.641720039503915
0.6248540878295898
0.6306077497346061
0.6395292196954999
0.6457998156547546
0.6540363303252629
0.6346265716212136
0.6384606105940682
0.6385243279593331
0.63347641485078
0.6409957451479775
0.6422864113535199
0.6560747282845634
0.6342913636139461
0.6437078331198011
0.643047992672239
0.6355121774332864
0.6346412471362523
0.6262692340782711
0.6382953269141061
0.6469420279775348
0.6415600010326931
0.653895663363593
0.6363290974072048
0.6408864004271371
0.6423612833023071
0.6355008142335075
0.6396400715623584
0.653535715171269
0.6364061534404755
0.6413730425494057
0.6435287126473018
0.652621362890516
0.6409420967102051
0.6474006388868604
0.6388326414993831
0.6446615840707507
0.6343754657677242
0.6375294753483364
0.6372846620423454
0.6335497200489044
0.627465865441731
0.6409119325024741
0.6518302176679883
0.6292390397616795
0.6407675104481834
0.6376471136297498
0.6446001657417842
0.6397073950086322
0.6422990815980094
0.649441442319325
0.6413948025022235
0.6310109964438847
0.619346124785287
0.6333852793489184
0.6454624448503766
0.6400253219263894
0.6359223084790366
0.6547086622033801
0.6314192073685783
0.6466097661427089
0.6556010927472796
0.662361204624176
0.6450807963098798
0.6500474257128579
0.6455259876591819
0.6400831512042454
0.6436997609479087
0.6400560992104667
0.631720802613667
0.6510579628603799
0.6353703141212463
0.6492355976785932
0.6566801539489201
0.644794374704361
0.6507755177361625
0.6469002962112427
0.6360897932733808
0.634444671017783
0.6395103974001748
0.641412479536874
0.650290949004037
0.6438520124980381
0.6391834531511579
0.6421250190053668
0.6326569829668317
0.62222791995321
0.63265118428639
0.6433204625334058
0.6384967224938529
0.6496470826012748
0.6440806261130742
0.6509517686707633
0.6314000189304352
0.6378381890910012
0.6384872581277575
0.6434276018823896
0.6473381434168134
0.6464157657963889
0.6300338719572339
0.6440140392099108
0.6376828040395465
0.6261949454035077
0.6330803760460445
0.6296616409506116
0.6362182966300419
0.644451596907207
0.6520788712160928
0.6412217829908643
0.6488179181303296
0.641356246812003
0.6443280875682831
0.6393998180116925
0.6520400515624455
0.6375884711742401
0.630052217415401
0.6517426073551178
0.643774151802063
0.6314439603260585
0.6463068766253335
0.6356852863516126
0.6550296119281224
0.6378778985568455
0.63456820164408
0.6345192449433463
0.6664852499961853
0.6359281837940216
0.6318524565015521
0.641910480601447
0.6381952507155282
0.6429790045533862
0.6353270241192409
0.6507127923624856
0.6374257760388511
0.642319815499442
0.6352807240826743
0.6520578563213348
0.6524953884737832
0.6535016766616276
0.63168175305639
0.638812529189246
0.6326836092131478
0.6462416223117283
0.6427277326583862
0.6349309980869293
0.6455281504562923
0.6355934824262347
0.6320708606924329
0.6542067400046757
0.6466627972466605
0.6442632079124451
0.6460280631269727
0.6484172131334033
0.6440767518111638
0.6296256227152688
0.6418798352990832
0.648900738784245
0.6440100797585079
0.6529425765786853
0.6500788033008575
0.6324607261589595
0.6565703536782946
0.6448456261839185
0.6459565205233437
0.6388008168765477
0.6415822931698391
0.6341910319668906
0.6553453079291752
0.6466905687536512
0.6405317102159772
0.6278693292822156
0.6378142578261239
0.6421525435788291
0.6503037469727653
0.6340584967817579
0.6616879616464887
0.6405857929161617
0.6390200001852853
0.6483352652617863
0.6438864810126168
0.6360963753291539
0.6453265122004918
0.6345990470477513
0.6286541266100747
0.645596946988787
0.6368576458522252
0.6304410099983215
0.6421825758048466
0.6406222283840179
0.6620340091841561
0.6510686661515918
0.6423170651708331
0.6265637917178017
0.643274839435305
0.650930928332465
0.6469009092875889
0.6335946151188442
0.6416073271206447
0.643800790820803
0.6418788773672921
0.6439267992973328
0.6546936460903713
0.637097030878067
0.653390143598829
0.6490169635840825
0.6236525859151568
0.6502513076577868
0.6337036107267652
0.6558345428534916
0.6279858350753784
0.6348980750356402
0.6454760091645377
0.6337402760982513
0.6565823256969452
0.6351215754236493
0.6605304735047477
0.6363388172217778
0.6478805371693203
0.6476504717554364
0.6494459978171757
0.6403808678899493
0.6301639122622353
0.6448164795126233
0.6481235708509173
0.637068395103727
0.6443982252052852
0.6461027264595032
0.6429266078131539
0.6459149931158338
0.6370964986937386
0.6391285743032183
0.6325026026793888
0.64448624423572
0.6357484374727521
0.6414501709597451
0.6355380373341697
0.6446322202682495
0.6353344150951931
0.6468397378921509
0.6535135805606842
0.6441973788397652
0.636517869574683
0.6506066066878182
0.6434226376669747
0.6409418625491006
0.6479802174227578
0.6468043667929513
0.6438802906445095
0.6461069158145359
0.6391999295779637
0.6405148421015058
0.6434031043733869
0.6440698334148952
0.6393514190401349
0.6297601461410522
0.652953394821712
0.6400791023458753
0.6366178393363953
0.6378990284034184
0.6405654464449201
0.6483484208583832
0.6416165615831103
0.6387669784682137
0.6581250471728188
0.6430895967142922
0.6460416444710323
0.6320755055972508
0.6463033173765454
0.6481021302086967
0.6530343336718423
0.6388027710574014
0.6495522047792163
0.6183448987347739
0.6574409902095795
0.6387981942721775
0.6485738924571446
0.6446413738386971
0.6397274519715991
0.6532747873238155
0.6408098765781948
0.6328466619764056
0.6340373073305402
0.641569048166275
0.6482578686305455
0.6396174515996661
0.6284381236348834
0.6676994732448033
0.6500381188733237
0.6420775609357017
0.6367684304714203
0.654608496597835
0.6492694531168256
0.6464379983288902
0.6423330690179553
0.6556408490453448
0.6372129789420536
0.6555354254586356
0.6545546906335014
0.6460317245551518
0.6473969348839351
0.6384230937276568
0.6500946198190961
0.6326592266559601
0.6431864670344761
0.6427139384405953
0.6393987366131374
0.6652794820921761
0.6363903284072876
0.6331689826079777
0.6477441745144981
0.6509229413100651
0.6350845311369214
0.6475955290453774
0.6394481658935547
0.639592387846538
0.6394252351352147
0.6537474947316306
0.6322944802897317
0.6460201867989132
0.637788861989975
0.6367443799972534
0.6358281331402915
0.6382784928594317
0.6433203518390656
0.6378814578056335
0.645431365285601
0.6414986635957446
0.6423284113407135
0.6477042223726001
0.6439031362533569
0.6343466980116708
0.6315217699323382
0.6575823043073926
0.6451832864965711
0.6484861075878143
0.6441328610692706
0.6297687802995954
0.6312040601457868
0.6413566597870418
0.6369014552661351
0.6412084868976048
0.6378164844853538
0.6429071170943124
0.6376906420503344
0.627369727407183
0.6421459828104291
0.6411262878349849
0.652329329933439
0.6454066974776131
0.6454435203756604
0.6377788143498557
0.6401339215891702
0.6383983705724988
0.6512784702437264
0.6403256612164634
0.637892314365932
0.6362240357058389
0.6409982698304313
0.6385328471660614
0.660756630556924
0.6348672722067151
0.6453029087611607
0.6384505757263729
0.6429978396211352
0.642889427287238
0.6377628530774798
0.6254675005163465
0.6481990899358477
0.63193450655256
0.6366618147918156
0.6626851175512586
0.632852588381086
0.6558395666735513
0.6414270102977753
0.6457785878862653
0.6453007587364742
0.6332474819251469
0.6297089074339185
0.6369794607162476
0.6398254803248814
0.6329373334135328
0.6432923674583435
0.6282524253640857
0.6350823938846588
0.6577263176441193
0.6416805216244289
0.6476961757455554
0.6467903852462769
0.6313507982662746
0.6408182808331081
0.6344393832342965
0.6285715273448399
0.6391580871173314
0.6383592060634068
0.6472395530768803
0.635729363986424
0.6381890305450985
0.644052084003176
0.6327900333063943
0.6257104405335018
0.6453854441642761
0.6402655754770551
0.6526887459414346
0.6333853602409363
0.6568715742656163
0.6397681278841836
0.63983496597835
0.6340290052550179
0.6422704671110425
0.6362010879176003
0.6394995706421989
0.6341667984213147
0.6469493040016719
0.6442981319768089
0.6456183195114136
0.6424391908305032
0.6521012783050537
0.6497232615947723
0.6376312800816127
0.6286949643066951
0.6426346983228411
0.6388916415827615
0.6324852321829114
0.64054274559021
0.641359167439597
0.6301714522497994
0.6408154623849052
0.6390922495297023
0.6292897973741803
0.6270686388015747
0.6280738839081356
0.6310208184378487
0.6447265914508274
0.6465039593832833
0.6368341233049121
0.6369183531829289
0.6417559215000698
0.6300186174256461
0.635785413639886
0.6313240017209735
0.6438265485422952
0.644839095217841
0.6415222670350756
0.6390283533505031
0.6342294556753976
0.6452524960041046
0.6427546739578247
0.6553698394979749
0.6435069186346871
0.6319579865251269
0.6388822751385825
0.6445924469402858
0.6362373105117253
0.6402864498751504
0.6458486063139779
0.6445831528731755
0.6413452156952449
0.6499214725834983
0.6437151942934308
0.6453383990696498
0.6340481766632625
0.6395272059100015
0.6414592521531242
0.6448788983481271
0.6437324838978904
0.626797501529966
0.6346705385616848
0.6325413031237466
0.6272834880011422
0.6537408019815173
0.6307730547019413
0.6438212437289101
0.6358366353171212
0.6465117377894265
0.6354969058718
0.6329710568700518
0.6339928209781647
0.6516508034297398
0.6379647638116565
0.6434928349086216
0.6431427725723812
0.6371921641486031
0.635833454983575
0.6429933777877263
0.6454780186925616
0.6591834468500954
0.6315620882170541
0.6365745706217629
0.6426803852830615
0.6300603023597172
0.634011766740254
0.6248271209853036
0.6455941327980587
0.6451308854988643
0.6477045927728925
0.6362687008721488
0.6435527162892478
0.6388288949217115
0.6435910207884652
0.6423584818840027
0.6318297556468419
0.6548541443688529
0.6460989543369838
0.639741280249187
0.6446669399738312
0.6406583700861249
0.6607417847429004
0.6506272043500628
0.6512372195720673
0.6428494240556445
0.6393054510865893
0.6441918398652758
0.6465206870010921
0.6535886738981519
0.6416162082127163
0.6570104147706713
0.6324507381234851
0.6370902827807835
0.6415647268295288
0.6366346223013741
0.6574257867676871
0.6359152793884277
0.6308139222008842
0.635588995047978
0.6327060248170581
0.637782450233187
0.6452285008771079
0.6501521808760506
0.6464382112026215
0.6474446611745017
0.6396397777966091
0.6458276723112378
0.6273238403456551
0.6321136397974831
0.6449239509446281
0.6439706598009381
0.6468500665255955
0.6421077804906028
0.636402598449162
0.6342034935951233
0.6426974236965179
0.6426550362791333
0.6548768622534615
0.6298860354082925
0.6446084124701363
0.6494794743401664
0.6529694369861058
0.6419400104454586
0.6378471893923623
0.6442979914801461
0.6394047694546836
0.64340854542596
0.6450135452406747
0.6496985810143607
0.624222206217902
0.6357617889131818
0.644021566425051
0.6323019393852779
0.6537691354751587
0.63191876241139
0.645569554397038
0.6489014710698809
0.6595740573746818
0.6460202719484057
0.6294466214520591
0.6445784994534084
0.6381763560431344
0.6367223858833313
0.638127156666347
0.6477392060416085
0.6363587634904044
0.6334689514977592
0.6472222634724208
0.6531323662825993
0.6475109798567635
0.6589803142207009
0.6450512494359698
0.639615386724472
0.6386615761688778
0.6392427086830139
0.6465087234973907
0.6335867260183606
0.6437767318316868
0.6481771852288928
0.642244564635413
0.6414782234600612
0.6302313889775958
0.6480945348739624
0.6315385060650962
0.6531922732080732
0.6393917160374778
0.6356798027242933
0.6387613798890796
0.6348135556493487
0.6465456485748291
0.6432695090770721
0.6361377537250519
0.6352583467960358
0.640177560704095
0.6363654179232461
0.6495730408600399
0.6345300078392029
0.6482726335525513
0.6434852778911591
0.6366748171193259
0.6346499238695417
0.6315414820398603
0.6406950013978141
0.6418372477803912
0.6393819153308868
0.646788511957441
0.6382665293557304
0.6409368600164141
0.6466958224773407
0.6533020394189017
0.6425996763365609
0.6534660501139504
0.6505090338843209
0.6427107495920998
0.6330847782748086
0.6468138907636914
0.6475779073578971
0.640590216432299
0.6393469103745052
0.6329408032553536
0.6623739855630058
0.6456288482461657
0.6320589525359017
0.6344767170292991
0.6377159186771938
0.6373069839818137
0.6409991809300014
0.6459730778421674
0.6336363979748317
0.6357004046440125
0.6416701078414917
0.652854493686131
0.6328678854874202
0.6397258000714439
0.6526893930775779
0.6374368369579315
0.6312962216990334
0.641546253647123
0.6252503607954297
0.6385638586112431
0.639760034424918
0.6396643647125789
0.6369886185441699
0.644883611372539
0.6474917573588235
0.6317100269453866
0.6363167975630079
0.6507992829595294
0.642383371080671
0.6591158807277679
0.6454979309013912
0.6397178471088409
0.6421168744564056
0.6446651007447924
0.6507290133408138
0.6466179873262133
0.6399012974330357
0.6352785229682922
0.6487358084746769
0.6369592888014657
0.6376864569527763
0.6338451164109367
0.6487585306167603
0.6266063664640699
0.6428765995161874
0.6412683853081295
0.6495795249938965
0.6455469812665667
0.6396044109548841
0.6416189202240535
0.6417572200298309
0.6289939114025661
0.6480734092848641
0.6615303882530758
0.6335110238620213
0.6404886075428554
0.641327862228666
0.6492107723440442
0.6408373713493347
0.649165119443621
0.6508095349584307
0.6371405720710754
0.6358094045094081
0.6398874478680747
0.6487551331520081
0.6344376930168697
0.649438887834549
0.6405964408602033
0.6410226140703473
0.6667347167219434
0.6429608975137983
0.6286008059978485
0.6513172856398991
0.63054672735078
0.6408457117421287
0.6544829394136157
0.6410374513694218
0.6261505229132516
0.6494569906166622
0.632017365523747
0.6493283127035413
0.6330228447914124
0.6406460617269788
0.6329689792224339
0.639452508517674
0.6406816116401127
0.655170521565846
0.6452544374125344
0.6537885197571346
0.6671208270958492
0.6426924765110016
0.6438506373337337
0.6511332946164268
0.6279152078287942
0.6442924525056567
0.6471890168530601
0.640407362154552
0.6383305830614907
0.6589212034429822
0.6390379624707359
0.646408634526389
0.6507437399455479
0.6357357374259404
0.6466108390263149
0.633273469550269
0.6581944099494389
0.6457561424800328
0.6357690691947937
0.6357972068446023
0.6334667120661054
0.6496912155832563
0.6442997668470655
0.6425746509007045
0.6489601561001369
0.6642345062323979
0.6410671089376722
0.6566388862473624
0.6349054489816938
0.6501360663345882
0.6532376153128487
0.6415611590657916
0.6421692541667393
0.6400287236486163
0.6364540798323495
0.6386939244610923
0.6454416811466217
0.6415454021521977
0.6460968681744167
0.6334711611270905
0.6350696299757276
0.6470303918634143
0.652017708335604
0.6497465244361332
0.6398215506758008
0.6392468341759273
0.6413078946726662
0.650240067924772
0.6427572625023978
0.6273875747408185
0.6482159750802177
0.6327199808188847
0.644627013376781
0.6495903772967202
0.6384523808956146
0.6461320178849357
0.6542165492262159
0.6310600127492633
0.6415541597775051
0.6361916448388781
0.6375774400574821
0.6269863247871399
0.645527571439743
0.6443557909556797
0.6469232823167529
0.6355677247047424
0.6349254676273891
0.6450144052505493
0.6501311659812927
0.6451545868601117
0.6361450595515115
0.6360283834593636
0.633970924786159
0.6493140203612191
0.6460501807076591
0.6435619209493909
0.6320179232529232
0.6398667778287616
0.6393114754131862
0.6489044044698987
0.6452437894684928
0.6286392935684749
0.649161730493818
0.6230269500187465
0.6304272200380053
0.6377709380217961
0.6419220907347543
0.6320777961186
0.6509852494512286
0.62926013980593
0.6472567192145756
0.6397603111607688
0.642688913004739
0.6404094866343907
0.6457571770463671
0.6399157217570713
0.6488038514341626
0.6313316226005554
0.6221052365643638
0.6575804650783539
0.6508607183183942
0.6435828592096057
0.6345335713454655
0.6444934478827885
0.6395227653639657
0.6219633434500013
0.6518984607287815
0.6440984649317605
0.6463842604841504
0.6400852245943887
0.6412510659013476
0.6442760654858181
0.6403548887797764
0.6352074529443469
0.6432479662554604
0.6553045000348773
0.6416582081999097
0.6304634852068765
0.6469843302454267
0.6322880642754691
0.6393144811902728
0.6402801019804818
0.651632947581155
0.6296625903674534
0.6362096752439227
0.6441240991864886
0.6270565177713122
0.6480338616030556
0.6348908586161477
0.6505840633596692
0.6288168387753623
0.6388480578150068
0.6294909758227212
0.6383993923664093
0.6404522359371185
0.6457409986427852
0.6468813504491534
0.6443017593451908
0.6414998812334878
0.6413505119936806
0.6448666325637272
0.6429030171462468
0.6367288657597133
0.6486383931977409
0.6454036235809326
0.657944598368236
0.6470833335603986
0.6325816512107849
0.641005848135267
0.6390783148152488
0.6431274626936231
0.6442200839519501
0.6506975378308978
0.628295783485685
0.6360109618731907
0.6534773749964577
0.6509662313120705
0.6487237342766353
0.6420122895921979
0.6361005306243896
0.6364940788064685
0.6472057615007673
0.6562872529029846
0.647363679749625
0.6279023545128959
0.6420777525220599
0.6439747427191053
0.6407459931714194
0.6417678253991264
0.6450913207871574
0.6414389567715781
0.6379323899745941
0.6551554032734462
0.6343358840261187
0.6406410932540894
0.6525812191622598
0.6485185325145721
0.645615701164518
0.6273873703820365
0.630504173891885
0.6507223333631244
0.649472543171474
0.6401510494095939
0.637237970318113
0.6408872093473162
0.6282247943537576
0.6373584185327802
0.6383669589247022
0.6482718884944916
0.6378273410456521
0.6387191159384591
0.6486755311489105
0.6413852572441101
0.6305207141808101
0.6360653851713453
0.6479844876698085
0.6383451180798667
0.6452864749091012
0.6417436642306191
0.6352995080607278
0.6393958415303912
0.626313831124987
0.6351536895547595
0.639777021748679
0.6389747304575784
0.6496471294334957
0.6476886655603137
0.635615634066718
0.6516875454357692
0.6441009981291634
0.6543276139668056
0.6482781852994647
0.6487647848469871
0.6457821811948504
0.643360082592283
0.6446250889982496
0.6372974472386497
0.6485707972730909
0.6418849442686353
0.6442223531859261
0.6368351876735687
0.644868369613375
0.639394223690033
0.6393720763070243
0.6399675990853991
0.6517559715679714
0.6538222176688058
0.6266233197280339
0.6428238792078835
0.6394760736397335
0.6381763006959643
0.6489921765668052
0.6383903622627258
0.6511566809245518
0.6357532399041312
0.6472233406135014
0.6263769098690578
0.6331903764179775
0.626905905348914
0.6339912968022483
0.6259421067578452
0.6563504721437182
0.652644374540874
0.6356635093688965
0.6339087188243866
0.6514516770839691
0.6524926934923444
0.6340844333171844
0.6371445272650037
0.6492412558623722
0.6375285387039185
0.6321730443409511
0.6468972180570874
0.6347451422895704
0.624419276203428
0.6252648915563311
0.6330602722508567
0.6388434980596814
0.6375397912093571
0.643831308398928
0.6381910911628178
0.6364678868225643
0.6447132953575679
0.6249563481126513
0.6471816599369049
0.6546695232391357
0.6466284053666251
0.6275218810353961
0.6485013706343514
0.6304578695978437
0.635921312229974
0.6441310175827571
0.6508157679012844
0.6365485489368439
0.639451550585883
0.6379784090178353
0.6498760197843824
0.6457114517688751
0.639531808240073
0.6413554549217224
0.6399323173931667
0.6384963691234589
0.6450258961745671
0.6455625593662262
0.6316821191992078
0.6349700391292572
0.6464173878942218
0.6428741642407009
0.6340471463544028
0.6416610649653843
0.6437971166202
0.6429481421198163
0.6424545730863299
0.6452335246971675
0.6360080114432743
0.6526736531938825
0.6589480042457581
0.6393107942172459
0.6409821169716972
0.6261230281421116
0.6335135059697288
0.6321798988751003
0.6531021552426475
0.6463496812752315
0.6481731789452689
0.6534643130643027
0.6504457720688411
0.6536650317055839
0.6389480701514653
0.6319073055471692
0.6380154192447662
0.6729933747223446
0.634918178830828
0.6406700185367039
0.6429322915417808
0.6344877694334302
0.6381381026336125
0.6538349049431937
0.6351069765431541
0.6470476388931274
0.6281582457678658
0.6494795296873365
0.6543061179774148
0.6415093200547355
0.6451236477919987
0.6376209727355412
0.6530902513435909
0.6538289742810386
0.6381839343479702
0.6408792734146118
0.633161872625351
0.639899845634188
0.6372553748743874
0.6565426502908979
0.644489701305117
0.6353577375411987
0.6476741262844631
0.6315476638930184
0.662186643907002
0.6281730192048209
0.632490554026195
0.6459626598017556
0.6433881180627006
0.6487657725811005
0.6247812466961997
0.6394389271736145
0.6405374450342995
0.6403978552137103
0.6485261406217303
0.6361784168652126
0.6389694086142949
0.6381854116916656
0.6402826862675803
0.6319762894085476
0.63246089220047
0.6441098366464887
0.6412123611995152
0.6334829117570605
0.6370151042938232
0.6454972071307046
0.6517171348844256
0.6379266807011196
0.6251336804458073
0.6343673127038139
0.6464219050748008
0.6514205208846501
0.656043027128492
0.6454253154141563
0.6351658276149205
0.6608715355396271
0.6303814096110207
0.6546132777418409
0.6293242403439113
0.6331732273101807
0.6400055374417987
0.6356604141848428
0.6562377938202449
0.6498434713908604
0.6312313292707715
0.6343688283647809
0.6442836608205523
0.6335121648652213
0.6473835706710815
0.6511736341885158
0.6544841357639858
0.643002131155559
0.6268622534615653
0.6476069731371743
0.6443035474845341
0.6291512676647731
0.6479621870177132
0.6341031066008976
0.6495650070054191
0.6331176119191306
0.636748982327325
0.6402022285120827
0.6515878651823316
0.6505135340350015
0.6402541441576821
0.654359085219247
0.6532216029507774
0.6443978505475181
0.6447149515151978
0.6540687680244446
0.6352756832327161
0.6445726411683219
0.639921635389328
0.652280969279153
0.6420744785240718
0.6459456937653678
0.6350121285234179
0.6363655711923327
0.632773722921099
0.6346818975039891
0.6386459342070988
0.6413225787026542
0.6284919679164886
0.6365553736686707
0.6342141117368426
0.6470359947000232
0.622971419777189
0.6527005306312016
0.6244130900927952
0.6505336037703923
0.6411499125616891
0.6403015511376517
0.6415418301309858
0.6501808166503906
0.6362418830394745
0.6408525066716331
0.6478801880564008
0.6466847445283618
0.6404903914247241
0.6302310143198285
0.6370702130453927
0.6499227370534625
0.6591868613447461
0.6489262708595821
0.644976828779493
0.6418499861444745
0.6412265683923449
0.6522573828697205
0.649417119366782
0.6335090909685407
0.6425913827759879
0.6400789150169918
0.6368287205696106
0.6373256742954254
0.6370855016367776
0.6427739943776812
0.641710204737527
0.6342872892107282
0.6346901953220367
0.6485105284622737
0.6403045015675681
0.6415663318974631
0.6363752314022609
0.6361528805324009
0.6353315029825483
0.6339279285499028
0.6323509727205548
0.6517263438020434
0.6489159124238151
0.631858548947743
0.6439805201121739
0.6322670408657619
0.6537631750106812
0.6418460394654956
0.6315619562353406
0.6347072635378156
0.6282986147063119
0.6323847430092948
0.6367081190858569
0.6391172919954572
0.6350858509540558
0.6457832115037101
0.6397628571305957
0.6310226406369891
0.6418801631246295
0.6371945483343942
0.6302841518606458
0.6485523879528046
0.6489269222532
0.6491811530930656
0.6503512646470752
0.6385160769735064
0.638360857963562
0.6500136043344226
0.6389931312629155
0.6401922447340829
0.6372237162930625
0.6451227920395988
0.6473656892776489
0.6345007547310421
0.6475998333522252
0.6458632137094226
0.6292572617530823
0.6532809606620243
0.6480517344815391
0.6403130122593471
0.6353276116507394
0.6564801037311554
0.6341253561632973
0.6428602380411965
0.6371336238724845
0.6347704700061253
0.6517495683261326
0.6284651756286621
0.6394585541316441
0.6297789088317326
0.6384194493293762
0.6489947693688529
0.6468818528311593
0.6405638924666813
0.6428159645625523
0.6471295654773712
0.6352219113281795
0.6433256907122475
0.645386380808694
0.6446887467588697
0.6421279055731637
0.6448253520897457
0.6466490711484637
0.6424541473388672
0.6467755692345756
0.6409661258969989
0.6450721408639636
0.6439608037471771
0.6373449010508401
0.6404092993055072
0.6447626096861703
0.6371968218258449
0.6447675568716866
0.6512492171355656
0.648792679820742
0.6440891453198024
0.640282907656261
0.6403738558292389
0.6402412354946136
0.6489022672176361
0.644201397895813
0.6411677428654262
0.6447999477386475
0.6505063048430851
0.6378709077835083
0.6458684163434165
0.6539020666054317
0.6467058914048331
0.6363277988774436
0.6529374633516584
0.6427458056381771
0.6375604016440255
0.6488475246088845
0.639919570514134
0.6368192860058376
0.6437558702060154
0.648736515215465
0.6353856538023267
0.6384416988917759
0.6402390386377063
0.6330968397004264
0.6423813445227486
0.6413051698889051
0.645607875926154
0.6454176902770996
0.6404642079557691
0.6347729180540357
0.6369776129722595
0.6368019282817841
0.6449623831680843
0.6333091642175402
0.6367534186158862
0.6471371395247323
0.636145817381995
0.638060450553894
0.6514144369534084
0.6373643236500877
0.6335746092455727
0.6413099340030125
0.6387424000671932
0.6454971092087882
0.6472177122320447
0.6291003610406604
0.6421358670507159
0.6397586848054614
0.6247562978948865
0.6437625118664333
0.6306510695389339
0.6369418799877167
0.6363187772887093
0.6473378879683358
0.6363573755536761
0.6488984142030988
0.6553490885666439
0.6474700314658028
0.6418797884668622
0.6335347592830658
0.6344339336667743
0.6353763214179448
0.6398591824940273
0.6386690991265433
0.65272770183427
0.6201156079769135
0.6432224554674966
0.6456229559012822
0.6547828444412777
0.6353240438870021
0.6433083117008209
0.6351275146007538
0.6321651211806706
0.6330686211585999
0.6466794013977051
0.6391674407890865
0.6571336516312191
0.637187157358442
0.6449902994292123
0.6461841932364872
0.6272775786263602
0.6499883830547333
0.6517464688846043
0.6446291591439929
0.6338397221905845
0.6364581286907196
0.6396714619227818
0.6355617557253156
0.6345501840114594
0.6352360163416181
0.6368041293961662
0.6447252418313708
0.6372495038168771
0.6453209817409515
0.6318678344999041
0.6420170494488308
0.642528942653111
0.6302940462316785
0.6392093428543636
0.645966614995684
0.6368911734649113
0.6552254004137856
0.6375894887106759
0.6379585521561759
0.6354467528206962
0.6364113986492157
0.637995856148856
0.6455338937895638
0.6483279168605804
0.6577124169894627
0.6437770043100629
0.637212370123182
0.6464644031865256
0.6488850712776184
0.6320741644927433
0.6297941761357444
0.6407618735517774
0.6469052561691829
0.6443989958081927
0.6364867559501103
0.6292938036578042
0.6376429838793618
0.6475017964839935
0.6468849096979413
0.6208175463335854
0.6408963458878654
0.6391738866056714
0.6514087191649846
0.6625002324581146
0.6361640776906695
0.646506096635546
0.6374342058386121
0.6352660443101611
0.6365453941481454
0.659266050372805
0.6321044819695609
0.6502510905265808
0.6339796270642962
0.6320596252168927
0.6427186472075326
0.6396693970475879
0.6407788353306907
0.6435262773718152
0.6479751212256295
0.657523866210665
0.643641254731587
0.6398561383996691
0.6224383796964373
0.642263629606792
0.6416106266634805
0.6612268899168287
0.645035024200167
0.6359813128198896
0.6420812947409493
0.6464553134781974
0.641128523009164
0.6494226285389492
0.6309674424784524
0.646662529025759
0.6333099177905491
0.631424320595605
0.6364478681768689
0.6577137325491224
0.6545914709568024
0.6561521887779236
0.6399437231676919
0.6365767419338226
0.6453718713351658
0.6391178710120065
0.6356607164655413
0.6333230606147221
0.6435456701687404
0.6415016864027295
0.6341336497238704
0.6421460424150739
0.6322548176561084
0.6376807263919285
0.6361986952168601
0.626841059752873
0.6322613145623889
0.6468598459448133
0.6319044274943215
0.6383851638862065
0.6484318205288478
0.6355848950999123
0.6361235167298999
0.6314108712332589
0.6460215832505908
0.6431486776896885
0.6337514093944004
0.6464933156967163
0.6379265231745583
0.6400407808167594
0.6561380326747894
0.6490461868899209
0.6460360884666443
0.6428526299340385
0.6530755545411792
0.6406023672648838
0.6421656097684588
0.6410896692957196
0.6454049561704908
0.6365978717803955
0.6373191688741956
0.6501306593418121
0.6473392929349627
0.6498840408665794
0.6642640786511558
0.6330921947956085
0.646875969001225
0.6470816944326673
0.6425200275012425
0.6412343553134373
0.6405085665839059
0.6371499214853559
0.6433733701705933
0.6300609792981829
0.6588632251535144
0.6357358268329075
0.6479967491967338
0.6399477975709098
0.6347266605922154
0.6388204438345773
0.6459511050156185
0.6351739125592368
0.6423840011869159
0.6294842277254377
0.6405101333345685
0.6442970633506775
0.6452439001628331
0.6396731436252594
0.6450187180723462
0.6402144730091095
0.6538388729095459
0.6375701257160732
0.6426170808928353
0.6307082772254944
0.6454913233007703
0.6424683162144252
0.6271470231669289
0.6376734503677913
0.6447718484061105
0.6472438020365578
0.6406959891319275
0.6381380643163409
0.6290179405893598
0.6450196887765612
0.6447771915367672
0.6448098378522056
0.6456713208130428
0.6441506913730076
0.6368339444909777
0.6496581350054059
0.6447270512580872
0.6356282787663596
0.6348138707024711
0.6581439077854156
0.6422895235674722
0.6462661921977997
0.6353006788662502
0.637290460722787
0.6399146871907371
0.6554920928818839
0.6297041348048619
0.6431728942053658
0.6261055724961417
0.6488535531929561
0.6297473609447479
0.6390536044325147
0.6457196942397526
0.6247025345052991
0.6453674350466047
0.6531114748546055
0.6261016385895866
0.649210695709501
0.6458146870136261
0.638525915997369
0.6419946679047176
0.654530291046415
0.6497767312186105
0.6431422531604767
0.6418192556926182
0.6305619009903499
0.6397925359862191
0.643444014447076
0.6504970278058734
0.6444626918860844
0.6332274462495532
0.6376326126711709
0.6377654799393245
0.6408736280032566
0.6496652918202537
0.6501065833227975
0.6379012720925468
0.6311185828277043
0.6440645456314087
0.6525666075093406
0.6438435103212085
0.6540532793317523
0.6343295191015516
0.629166087933949
0.6502827746527535
0.6578560301235744
0.6364791691303253
0.6487087692533221
0.6480663418769836
0.6292649039200374
0.6369023450783321
0.6718436224120004
0.6375414941992078
0.629701554775238
0.6479360546384539
0.6433273213250297
0.6245717874595097
0.6338032739503043
0.6335159497601646
0.6414172606808799
0.6356153999056134
0.6442742986338479
0.6464776141302926
0.6485910415649414
0.6422513936247144
0.6577219494751522
0.6523540914058685
0.6373895406723022
0.6394821149962289
0.6420237507138934
0.6499904649598258
0.6370831004210881
0.6396137816565377
0.63709442956107
0.6412695986883981
0.6412525304726192
0.6555405514580863
0.6466274304049355
0.6426714956760406
0.6301094549042838
0.6317082004887717
0.6280166975089482
0.6496667606489999
0.638948027576719
0.6538346196923938
0.6355902680328914
0.6418630651065281
0.6492977610656193
0.6473006520952497
0.6410918831825256
0.647075103861945
0.6386841407843998
0.643498033285141
0.6441817879676819
0.6367629723889487
0.6376911784921374
0.6407537417752402
0.6342510027544839
0.6594315554414477
0.6522324851581028
0.6399325217519488
0.6378813087940216
0.6461125441959926
0.6415060077394757
0.6352178028651646
0.6264274035181318
0.6385204749447959
0.65292198743139
0.6381736653191703
0.6386809093611581
0.6489066907337734
0.6351441272667476
0.6383313110896519
0.6415820419788361
0.6425799982888358
0.6377535717827933
0.6533257790974208
0.6481353172234127
0.6434632369450161
0.6403201648167202
0.6559612452983856
0.632917697940554
0.6355684740202767
0.6400174285684314
0.6469935561929431
0.6390758582523891
0.6392659204346793
0.6425783634185791
0.6283536425658635
0.6520270364625114
0.6518064865044185
0.6353601430143628
0.6489927555833545
0.6353455185890198
0.638517073222569
0.6541432738304138
0.6463593712874821
0.6526138782501221
0.6529959184782845
0.6410280168056488
0.64715889947755
0.6419905381543296
0.6323383024760655
0.6586984864303044
0.6533939327512469
0.6383942280496869
0.6286277856145587
0.655238036598478
0.6410631239414215
0.6369457628045764
0.6521246305533818
0.6506923266819545
0.6279593919004712
0.638113911662783
0.6423390890870776
0.6529778327260699
0.63271022268704
0.641708003623145
0.6356030106544495
0.6483611336776188
0.6469867016587939
0.6401981881686619
0.6427781794752393
0.6389345398971013
0.6317640457834516
0.6460696799414498
0.6263830491474697
0.6288232462746757
0.6338927703244346
0.6443875559738704
0.6567396095820835
0.6486898916108268
0.635443525654929
0.6331736019679478
0.653429525239127
0.6389749050140381
0.6421802682535989
0.6373999544552394
0.6304744354316166
0.6508785741669791
0.6354691003050122
0.6392491715294975
0.6431037145001548
0.6468257520880017
0.6460825886045184
0.632543819291251
0.6462122755391257
0.6421106883457729
0.6453187508242471
0.6386903439249311
0.6515760208879199
0.6571580001286098
0.624759955065591
0.6449163939271655
0.6352776842457908
0.6417218233857837
0.6506188298974719
0.6494878785950797
0.6482846226011004
0.6268876194953918
0.6408331862517765
0.6489353179931641
0.6470457656042916
0.6528324101652417
0.6487082200390952
0.6395922601222992
0.6322731162820544
0.6315567152840751
0.6456333824566433
0.6485598087310791
0.6341178842953273
0.6399910492556435
0.6549695389611381
0.635705998965672
0.6410510752882276
0.636134956564222
0.6312904528209141
0.6405282020568848
0.6473437717982701
0.6341918153422219
0.6429625579289028
0.6383374929428101
0.6571201682090759
0.6288566674504962
0.637013167142868
0.655746728181839
0.6402433812618256
0.6530786965574537
0.6390757858753204
0.6512198065008435
0.6490217915603093
0.6389045289584568
0.6324199863842556
0.6383837972368512
0.6463754517691476
0.6309044190815517
0.6433643528393337
0.6418949748788562
0.6490102878638676
0.6390943101474217
0.6426877294267926
0.6430887367044177
0.6486211887427739
0.6315891402108329
0.6362022246633258
0.6471429765224457
0.6481042844908578
0.630813649722508
0.6356698870658875
0.6448047970022474
0.6532806668962751
0.6370415091514587
0.6509632851396289
0.6392467107091632
0.6413960414273399
0.6378492287227085
0.6373646557331085
0.6320952432496207
0.6397289080279214
0.6445282569953373
0.6376639093671527
0.6438032984733582
0.6401320057255881
0.6437757057803017
0.6472833199160439
0.6387982794216701
0.65809309056827
0.6292057420526233
0.6329787501267025
0.623544842004776
0.6423861426966531
0.6400089434215
0.6406284868717194
0.6290333483900342
0.63163965514728
0.6338812921728406
0.6378522004399981
0.6399120220116207
0.6521447896957397
0.6463283853871482
0.6504346260002681
0.6480956673622131
0.6504007450171879
0.6328807473182678
0.6421891748905182
0.63725631577628
0.6554808063166482
0.6453548244067601
0.6420807838439941
0.629849944795881
0.6497145848614829
0.6376433117049081
0.6462811657360622
0.6355420265878949
0.6362748912402562
0.6409625283309391
0.6357895093304771
0.6540848059313638
0.6374585202762059
0.6403431977544513
0.6409701917852674
0.643257485968726
0.6296259675707135
0.6517578874315534
0.6324116672788348
0.6451695348535266
0.6448158579213279
0.6287994469915118
0.6474888707910266
0.6369467377662659
0.6333445523466382
0.6476994965757642
0.648735910654068
0.6353993330683027
0.6458962346826281
0.6469220221042633
0.6453398423535484
0.6402996480464935
0.620733938046864
0.6339423826762608
0.6517334069524493
0.637186084474836
0.6414192574364799
0.6349718017237527
0.637352100440434
0.6369926588875907
0.6582693585327694
0.6351066700049809
0.6274717577866146
0.6346421795231956
0.63795377101217
0.6437368648392814
0.6446940771171025
0.6513319654124123
0.638148844242096
0.6480658267225538
0.6256802976131439
0.645099801676614
0.6460835422788348
0.6352465493338448
0.6359258549554008
0.6420254962784904
0.6398824964250837
0.6438904702663422
0.6379422843456268
0.6373765894344875
0.6321235597133636
0.6388474958283561
0.64248440521104
0.6459001771041325
0.6340462565422058
0.6374280282429287
0.6387416677815574
0.6436508127621242
0.6484093964099884
0.6364927504743848
0.6377822841916766
0.6447470358439854
0.6432886336530957
0.6362878126757485
0.6481334439345768
0.6385515715394702
0.6514481008052826
0.6431122847965786
0.6525516126837049
0.6431396348135812
0.645272067614964
0.6414792580263955
0.6407476024968284
0.6425910762378148
0.6581319485391889
0.6411667508738381
0.645711966923305
0.6409640950816018
0.6359177444662366
0.6280644195420402
0.652869484254292
0.6388319730758667
0.6411525436810085
0.6449770331382751
0.6414733443941388
0.6471437556403024
0.6310650067670005
0.6408626096589225
0.6459629237651825
0.6337436182158334
0.6445001065731049
0.645606266600745
0.6326602527073452
0.6426273371492114
0.6385774058955056
0.6397085360118321
0.6367913697447095
0.636773271220071
0.6376073743615832
0.6468757944447654
0.6336467649255481
0.639041372707912
0.6388657007898603
0.6399702642645154
0.636721168245588
0.648816487618855
0.6554519065788814
0.6391353564602988
0.63617114509855
0.6465073653629848
0.6586991165365491
0.6452072816235679
0.6336209220545632
0.6382171128477369
0.6573576969759805
0.6587695266519275
0.6560666518551963
0.6305590357099261
0.6401252491133553
0.6335121520927974
0.6410944717270988
0.6371258284364428
0.6564596891403198
0.637016658272062
0.6279732201780591
0.6427863665989467
0.6487084329128265
0.6451018750667572
0.6320243264947619
0.6380973543439593
0.6361635795661381
0.637762759413038
0.6453103721141815
0.6466226960931506
0.6298412382602692
0.6351748747485024
0.6397123634815216
0.6361905889851707
0.634763743196215
0.6315942406654358
0.6440782845020294
0.6377567478588649
0.6253987295286996
0.6431164869240352
0.634792800460543
0.6407795633588519
0.654009997844696
0.654956545148577
0.6376968409333911
0.6320760846138
0.637626154082162
0.6434869766235352
0.6332027060644967
0.6521120369434357
0.6332664660045079
0.6404754264014108
0.633953115769795
0.6452510229178837
0.6388398153441293
0.6382971235683986
0.642575319324221
0.6428167053631374
0.6401161977222988
0.6498203916209084
0.6398287202630725
0.6472955899579185
0.6319999609674726
0.6415845027991703
0.6325825878552028
0.6349795758724213
0.6302405170031956
0.6434689377035413
0.6394019169466836
0.6455709082739693
0.6395427712372371
0.6227244862488338
0.6505876396383558
0.6381046005657741
0.64891517162323
0.6516204944678715
0.6392417762960706
0.6396112740039825
0.6577952291284289
0.634375980922154
0.6453486170087542
0.6567282804421016
0.6362976857594081
0.6390083730220795
0.6386417831693377
0.6441415761198316
0.6442793479987553
0.6382787781102317
0.6379618516990117
0.638952795948301
0.6444731099264962
0.6440265221255166
0.6493350097111293
0.6342995294502803
0.636308810540608
0.6491786795003074
0.6371600925922394
0.6557906993797847
0.647949755191803
0.6272081307002476
0.6429353398936135
0.6328450526509967
0.6545688680240086
0.6571834683418274
0.6507944933005742
0.6454690652234214
0.6399222569806235
0.6403593633856092
0.6473340519836971
0.6441367566585541
0.6409108170441219
0.654945548091616
0.6363621737275805
0.6534774899482727
0.6450936368533543
0.6374669287885938
0.6374264572347913
0.6362028121948242
0.6396068121705737
0.6326995279107775
0.6430726732526507
0.6425544534410749
0.6399716223989215
0.6538397116320473
0.6316335882459369
0.6466595871107919
0.6396677153451102
0.6467955027307782
0.6589865471635546
0.6462316598211016
0.6410460088934217
0.6289945713111332
0.6474786187921252
0.6600260053362165
0.6477067257676806
0.6398712822369167
0.6524750888347626
0.6489799107824054
0.6431710890361241
0.6383418440818787
0.6300896533897945
0.6319007362638202
0.630861542054585
0.6383854831968035
0.6390158917222705
0.6458950383322579
0.6344047657081059
0.6425152591296605
0.6365208753517696
0.6255026715142387
0.6464085791792188
0.6430899500846863
0.6519748653684344
0.6360753646918705
0.6398378738335201
0.6500346405165536
0.6350323643003192
0.6456791119916099
0.6474623126643044
0.6420219796044486
0.647418669291905
0.6471448157514844
0.6525901641164508
0.6394801778452737
0.627478335584913
0.6539999033723559
0.6463273252759661
0.6300670163972037
0.6497974097728729
0.6359457543918065
0.6365269465105874
0.6352230140141079
0.6460728134427752
0.6360041073390416
0.636572812284742
0.6398763571466718
0.6518011902059827
0.6548557749816349
0.6359068240438189
0.6596291703837258
0.6362056987626212
0.6385169880730766
0.6480479623590197
0.6413115348134723
0.6436317988804409
0.6523528780255999
0.6238124328000205
0.6484158337116241
0.6523518690041133
0.6317254943507058
0.6454424602644784
0.6546628390039716
0.6392144731112889
0.6413864067622593
0.6488494660173144
0.634556485073907
0.6410151677472251
0.6563254296779633
0.6433619558811188
0.6411538847855159
0.6660224369594029
0.6389152365071433
0.6470148265361786
0.6413256696292332
0.6442614027432033
0.6372869951384408
0.6472644465310233
0.6377836082662854
0.6335652002266475
0.6398188769817352
0.64422065445355
0.6310441536562783
0.6365262567996979
0.6472800927502769
0.6335879777159009
0.6305568643978664
0.6244924579347882
0.6405629728521619
0.6449188164302281
0.6500759167330605
0.6341777529035296
0.6382245974881309
0.6414160132408142
0.6372992694377899
0.638048814875739
0.6428928928715842
0.6357065992695945
0.6449788085051945
0.6365038795130593
0.6463611551693508
0.6471895022051675
0.6420638944421496
0.638783505984715
0.636694175856454
0.6307146336351123
0.6347646542957851
0.662259966135025
0.6443252648626056
0.63491319332804
0.6354582139423915
0.6443972289562225
0.6276928910187313
0.642697410924094
0.6418557337352208
0.6549904857363019
0.6282922029495239
0.6386241657393319
0.6298180605684008
0.639675429889134
0.6563623632703509
0.6561364659241268
0.6443459093570709
0.6566467072282519
0.6307039899485452
0.633629207100187
0.6329099621091571
0.6351806947163173
0.6450683431965964
0.6566747895308903
0.6330286945615496
0.6484416042055402
0.643166550568172
0.6464876319680896
0.6445660633700234
0.6447967078004565
0.6493538320064545
0.6473679627690997
0.6551194063254765
0.6403178742953709
0.6581210919788906
0.640199580362865
0.6519955566951207
0.6473922899791172
0.6367890153612409
0.6403471486909049
0.6370789408683777
0.6401761131627219
0.6513651651995522
0.6322424624647413
0.6479762962886265
0.6498144822461265
0.6526336414473397
0.6422809192112514
0.6606710766042981
0.6556967411722455
0.6170015547956739
0.6232710906437465
0.6265665420464107
0.6522941759654454
0.6485125550201961
0.6404018572398594
0.6262263868536267
0.6502932863576072
0.6208099552563259
0.6457100978919438
0.6474584255899701
0.63193992631776
0.6291920925889697
0.6324278243950435
0.6539648345538548
0.6377518091882978
0.6358359200613839
0.6424669282776969
0.6481309958866665
0.6399875496115003
0.6443552545138768
0.6331042647361755
0.6397937493664878
0.6429353058338165
0.6444877811840602
0.6525338803018842
0.6394123307296208
0.6541388928890228
0.6312372556754521
0.6399444043636322
0.637393695967538
0.6433989788804736
0.6440988097872052
0.6494682218347277
0.6380415771688733
0.6423179720129285
0.6459806902068002
0.6371595689228603
0.6572015115192958
0.6432292461395264
0.6378550614629473
0.6472752647740501
0.6440830741609845
0.6417722531727382
0.6371527399335589
0.6334740604673114
0.640541808945792
0.6436151351247515
0.6527270972728729
0.6346574212823596
0.6512536151068551
0.643456539937428
0.6344290247985295
0.6373990901878902
0.6394358447619847
0.6234216051442283
0.6394502690860203
0.647363007068634
0.6474721133708954
0.6543222878660474
0.6486705669334957
0.6407992967537471
0.6466968698160989
0.6301227382251194
0.6561249153954642
0.634936009134565
0.6467224104063851
0.6452865089688983
0.6384556804384504
0.6530676228659493
0.6446294486522675
0.6367967597075871
0.6486819939953941
0.6447913774422237
0.6259478458336422
0.6280374995299748
0.6573196223803929
0.6454416556017739
0.6419446255479541
0.6379649639129639
0.6468220140252795
0.641802157674517
0.6370787024497986
0.6495590550558907
0.6422855343137469
0.6395395185266223
0.6473042411463601
0.6334385105541774
0.6470642260142735
0.6438718012401036
0.6605699190071651
0.6382849897657122
0.6390053885323661
0.6459367530686515
0.643588832446507
0.6443580601896558
0.6316782448972974
0.6386882747922625
0.6500568304743085
0.6524305811950138
0.6507166879517692
0.6321281790733337
0.6466033288410732
0.634524119751794
0.6476727383477348
0.6470380425453186
0.6511321749005999
0.6290892064571381
0.6485696264675685
0.6417200820786613
0.6365501369748797
0.6505643725395203
0.6410735675266811
0.6569093040057591
0.6315922609397343
0.6491140723228455
0.6610229228224073
0.6335080393723079
0.6346859761646816
0.6389983594417572
0.6564942428043911
0.6682244198662894
0.6397789674145835
0.6390117279120854
0.6496793755463192
0.6405484889234815
0.6444296751703534
0.6321442467825753
0.6449616934571948
0.6537136350359235
0.643176964351109
0.6302708855697087
0.6440911207880292
0.6421323631490979
0.6355443852288383
0.6484156804425376
0.6367316629205432
0.6407204653535571
0.6369167140551976
0.6480646303721836
0.6406634449958801
0.6426431451525006
0.6568640385355268
0.6415993699005672
0.6425475180149078
0.6507710814476013
0.6285933767046247
0.6418616431100028
0.6475209678922381
0.6321124391896384
0.650995386498315
0.6339430000100817
0.6368928551673889
0.6383869818278721
0.6411983753953662
0.6439850543226514
0.6375838986464909
0.6330562787396568
0.6406672937529427
0.6420419301305499
0.6373591082436698
0.6430704636233193
0.6489633321762085
0.6347328041281018
0.6481934402670179
0.6309590084212167
0.6405853927135468
0.638665782553809
0.6363377017634255
0.6519873142242432
0.6532705468790871
0.6218128800392151
0.6414821445941925
0.6359979893480029
0.6451894215175084
0.6343752699238914
0.6442182617528098
0.6550610320908683
0.6384690233639309
0.6409355912889753
0.6375077026230949
0.6487407556601933
0.6478780635765621
0.6220970026084355
0.6320548525878361
0.6498912743159703
0.6400766457830157
0.6226851556982312
0.6430366890771049
0.632153753723417
0.6440165681498391
0.6224501643862043
0.6314140473093305
0.6395499195371356
0.6370374602930886
0.6376457980700901
0.6515428423881531
0.6461797271456037
0.6302257989134107
0.6404257544449398
0.6413727615560804
0.6565617408071246
0.6490277094500405
0.6372964935643333
0.6336559695856911
0.6469781356198447
0.6421247933592115
0.6367094687053135
0.6393183725220817
0.637737797839301
0.6377673149108887
0.6366808840206691
0.6486970611980983
0.6318452741418566
0.647753187588283
0.6423298759119851
0.6420643074171883
0.6295953094959259
0.6344884846891675
0.6466143344129834
0.6420031402792249
0.6383866199425289
0.6445328635828835
0.642206928559712
0.6432634379182544
0.6335165287767138
0.6433925245489392
0.6545661730425698
0.6453290666852679
0.6392118207045964
0.6428299120494297
0.6492896846362523
0.6505662671157292
0.644082567521504
0.639914504119328
0.654647878238133
0.6312664576939174
0.6375470672334943
0.6351854077407292
0.64276180097035
0.6373090020247868
0.6465534269809723
0.6365686484745571
0.6230819140161786
0.6406258600098746
0.6411810985633305
0.6386299005576542
0.6311160496303013
0.6422984302043915
0.6510754866259438
0.6579931718962533
0.6410822825772422
0.6563270815781185
0.6445280696664538
0.6391117147036961
0.6340592503547668
0.6450424534933907
0.6487804651260376
0.6335064087595258
0.6353779009410313
0.6476008551461356
0.6487390782151904
0.6551307567528316
0.6637940321649823
0.6485062965324947
0.6481252866131919
0.628356111901147
0.6473066168172019
0.6485631508486611
0.6393461866038186
0.6385241406304496
0.6433917113712856
0.6395707045282636
0.642022464956556
0.6357785633632115
0.639453819819859
0.6436200567654201
0.6386288787637439
0.6437444601740155
0.638820469379425
0.6252513996192387
0.6419185868331364
0.6375021168163845
0.6404239961079189
0.6381637156009674
0.6334695475442069
0.6417917864663261
0.6370189998831067
0.6472434997558594
0.6295225407396045
0.6462497157709939
0.6551950020449502
0.6369589907782418
0.6292894014290401
0.6536179482936859
0.6354847720691136
0.643813282251358
0.6495575521673475
0.6408892912524087
0.6294619696480888
0.6481010147503444
0.6428576622690473
0.6408932038715908
0.6291213291031974
0.6451726044927325
0.6429807714053563
0.6344359517097473
0.641674109867641
0.6328136282307761
0.6496870943478176
0.6398040183952877
0.6316085713250297
0.6419428331511361
0.6368952010359082
0.6605204939842224
0.6354359260627201
0.6531990851674762
0.6338713381971631
0.6405279508658818
0.6456811215196337
0.635599536555154
0.6446675487927028
0.6483689802033561
0.6462269595691136
0.6416106905255999
0.6486527834619794
0.6479034381253379
0.6414868320737567
0.6417134787355151
0.6472672522068024
0.6471271898065295
0.6284142477171761
0.6499825971467155
0.6366898587771824
0.6423312553337642
0.6368945326123919
0.6397082252161843
0.6332316994667053
0.6438543030193874
0.6397024520805904
0.6388764934880393
0.638466728585107
0.6538360416889191
0.6474343623433795
0.6569157370499202
0.642637836081641
0.642690475497927
0.6403957647936684
0.6495723979813712
0.639855831861496
0.6535857660429818
0.6523194227899823
0.6558076398713248
0.6380619832447597
0.6460233203002385
0.6343649455479213
0.6452150472572872
0.65291257415499
0.6548662228243691
0.6417722233704158
0.6445960104465485
0.6396815180778503
0.6329909648214068
0.6465744078159332
0.6363662098135267
0.639240196772984
0.6287504008838108
0.6282131203583309
0.6449562396321978
0.6373219447476524
0.6483299476759774
0.639625357730048
0.6409942976066044
0.6525722188608987
0.6357291468552181
0.635195472410747
0.6386591962405613
0.6420736398015704
0.6374101085322244
0.6400475246565682
0.6472673501287188
0.6354946110929761
0.622997658593314
0.6493430095059531
0.6489150353840419
0.6314717318330493
0.6432063494409833
0.6460958889552525
0.6414425373077393
0.6379588672092983
0.6329537587506431
0.6443744599819183
0.6448591436658587
0.645626847233091
0.6365248518330711
0.6442678570747375
0.6474464450563703
0.6505389213562012
0.63673654624394
0.632396570273808
0.6524204611778259
0.641045093536377
0.6508233547210693
0.6369593739509583
0.6433184998376029
0.649375638791493
0.6587878337928227
0.6556961025510516
0.6555517528738294
0.6364946961402893
0.6393182533127921
0.6447809892041343
0.6533251404762268
0.6361127836363656
0.6298389775412423
0.634938223021371
0.6297898633139474
0.6388691876615796
0.6512017462934766
0.6281483811991555
0.6319120228290558
0.6501741792474475
0.6382016071251461
0.6428552993706295
0.6399448258536202
0.6381349691322872
0.6153923315661294
0.6395672602312905
0.6452364197799138
0.6421634214265006
0.637098810502461
0.638943293264934
0.657791018486023
0.6355614832469395
0.6438307975019727
0.6464194527694157
0.6364807529108865
0.6320733683449882
0.6514189328466143
0.6352887409073966
0.6404804927962167
0.6367768900735038
0.6419780084065029
0.6437582799366542
0.6389813380581992
0.6444575573716845
0.6390762967722756
0.635410623891013
0.6246619522571564
0.6501376117978778
0.6295953691005707
0.6510868498257228
0.6388234836714608
0.6434321616377149
0.647476213318961
0.649120786360332
0.6333257300513131
0.6355837838990348
0.6295096363340106
0.6574288053171975
0.6282052866050175
0.6398243393216815
0.6373913415840694
0.6378460569041116
0.6344805955886841
0.6482916091169629
0.6448380138192858
0.6426279757704053
0.6457175612449646
0.645574974162238
0.6467613364968982
0.6333327804292951
0.6471078140395028
0.6479152143001556
0.6371083046708789
0.6396915486880711
0.6281043716839382
0.6465608392442975
0.6520360835960933
0.6527419643742698
0.6511431762150356
0.6380028086049216
0.6315593251160213
0.6454654293400901
0.6374497754233224
0.6444337495735714
0.6407765362943921
0.6535159349441528
0.649257459810802
0.651389113494328
0.6461144728319985
0.643216746194022
0.6355939039162227
0.6556561376367297
0.6601989737578801
0.6346894076892308
0.6398733343396869
0.6392197481223515
0.6473170178277152
0.6326166689395905
0.6483097757611956
0.6392797912870135
0.63809563432421
0.6359604937689645
0.6345352360180446
0.6337366146700723
0.6213041629110064
0.6467026003769466
0.6427865198680333
0.6440678409167698
0.6403898554188865
0.6490115523338318
0.641225665807724
0.6423931292125157
0.641024968453816
0.6443635991641453
0.6463559738227299
0.6453550287655422
0.6556769737175533
0.6392920187541417
0.6335040501185826
0.6305916649954659
0.64028947693961
0.6460812943322318
0.6396097200257438
0.6509470002991813
0.6524055940764291
0.6478072191987719
0.6456609112875802
0.6382252275943756
0.633342832326889
0.6466681914670127
0.6371116467884609
0.6376479055200305
0.6359711970601764
0.6350894612925393
0.6428322068282536
0.636327190058572
0.6392506531306675
0.6451476088591984
0.6350640526839665
0.6426301428249904
0.6247584692069462
0.632676145860127
0.6641954907349178
0.6482357595648084
0.6416924510683332
0.6380753644875118
0.6422560981341771
0.6481001121657235
0.6454894585268838
0.636069267988205
0.6435043428625379
0.6476239349160876
0.6481467528002602
0.6484113165310451
0.6563164378915515
0.6526913642883301
0.6506197537694659
0.6400977287973676
0.6295288375445774
0.6473259585244315
0.6618101852280753
0.6460572523730141
0.6484110227652958
0.6382925042084285
0.641317857163293
0.6365138334887368
0.6366565142359052
0.638045391866139
0.6325187512806484
0.6323045747620719
0.6362587000642504
0.6440808985914502
0.6250301258904594
0.6367671617439815
0.6489607308592115
0.6458000029836383
0.6416807132107871
0.6363486562456403
0.6408231428691319
0.6406452017171043
0.6359030987535205
0.6355271424565997
0.6312844753265381
0.640416464635304
0.6416062372071403
0.6424979056630816
0.6349886442933764
0.6388356898512159
0.6294532035078321
0.6463295136179242
0.6379192130906242
0.6397864605699267
0.6394705985273633
0.6375350441251483
0.6420825464384896
0.6195950678416661
0.631283917597362
0.6406229095799583
0.6386835447379521
0.6418142999921527
0.6390582365649087
0.6494562157562801
0.6359751309667315
0.6428734830447606
0.6320297420024872
0.6342174368245261
0.6465587913990021
0.6389469291482653
0.6441300128187452
0.6279433071613312
0.6433877987521035
0.6551225440842765
0.6404440402984619
0.6315413159983498
0.6506734532969338
0.6438020467758179
0.6488780464444842
0.6514003532273429
0.6440551664148059
0.6418347018105643
0.6539811279092517
0.6333647157464709
0.6578554425920758
0.6348087745053428
0.6433837073189872
0.637394883802959
0.6294427471501487
0.641728333064488
0.6395004051072257
0.6371687310082572
0.6342566226209913
0.6444571018218994
0.6385426052979061
0.6495194733142853
0.6533166425568717
0.648820127759661
0.6285187687192645
0.6388951923166003
0.6563074673925128
0.639447284596307
0.6401879446847099
0.6407482581479209
0.6476646448884692
0.6519763597420284
0.6354562512465886
0.6355194534574237
0.6453200663839068
0.6364908048084804
0.6380930542945862
0.6397208571434021
0.6442514913422721
0.6336414005075183
0.6384475742067609
0.6355326303413936
0.6386750255312238
0.6447947365897042
0.6499676661831992
0.6490033779825483
0.6311343312263489
0.6450889493737902
0.6333479498113904
0.6447031199932098
0.6440066780362811
0.6413617517266955
0.6320450476237706
0.6611060883317675
0.649743812424796
0.640801944902965
0.6393873138087136
0.6288782996790749
0.6377993140901838
0.6304763214928764
0.641859906060355
0.6341233636651721
0.6317406126431057
0.6417087316513062
0.6554884655135018
0.645877046244485
0.6328669020107814
0.6417928721223559
0.6464950314589909
0.6349580330508096
0.6352704635688237
0.6392845000539508
0.6547966982637133
0.6413927759443011
0.6439137075628553
0.6412078653063092
0.6397972021784101
0.6362087982041496
0.6394493963037219
0.6316715010574886
0.6421934153352465
0.6438220867088863
0.6298081108501979
0.6435663870402745
0.6623722442558834
0.6381145545414516
0.643905737570354
0.6324365735054016
0.6434604355267116
0.6440301707812718
0.6487286133425576
0.6397839529173714
0.6308723560401371
0.6300546186310905
0.6349737899644035
0.6406859414918082
0.6351218904767718
0.6336698106357029
0.6404486809458051
0.6382024884223938
0.6329203758920942
0.641671895980835
0.6434828426156726
0.6468758497919355
0.6367160252162388
0.6375244430133274
0.6391346114022392
0.6307940057345799
0.6474297855581556
0.6402499292578016
0.6450994866234916
0.6377526266234261
0.6378295762198312
0.6325246138232095
0.6355393103190831
0.6484227819102151
0.6652026431901115
0.6487529405525753
0.643021958214896
0.6368914289133889
0.6384172695023673
0.6285554128033775
0.6439956596919468
0.6393603469644275
0.641355322940009
0.6522638031414577
0.6352951398917607
0.6368101239204407
0.635020239012582
0.6383860792432513
0.632592533315931
0.6386516179357257
0.6507836750575474
0.6403992218630654
0.6410901461328778
0.637341341802052
0.6405412725039891
0.6329719126224518
0.6444474756717682
0.6435581658567701
0.6344520790236337
0.6283364636557442
0.6442878799779075
0.6549199819564819
0.62978709595544
0.6533920381750379
0.6288734546729496
0.6519903583186013
0.6462269638265882
0.6297036324228559
0.661691278219223
0.6481258315699441
0.6423528407301221
0.6302770674228668
0.6497712773936135
0.6484043002128601
0.6525076968329293
0.6335129354681287
0.6406473730291639
0.635910268340792
0.6466336037431445
0.6512214030538287
0.6379262719835553
0.6334529944828579
0.6226350835391453
0.6382308857781547
0.6384047312395913
0.6348860050950732
0.6467135378292629
0.6448426629815783
0.645281195640564
0.6539745884282249
0.6344251164368221
0.6312004838671003
0.6356087114129748
0.6293848540101733
0.6521503840173993
0.6349995136260986
0.6406669659273965
0.6390055545738765
0.6341587560517448
0.6627359688282013
0.6397395431995392
0.6414726461683001
0.6448318234511784
0.6523819140025547
0.6393016874790192
0.6297742681843894
0.6368368991783687
0.6375783213547298
0.6476221467767443
0.6468532127993447
0.6368310494082314
0.6381401930536542
0.6372587169919696
0.657506308385304
0.6419689272131238
0.6335319110325405
0.6365907617977687
0.6339497183050428
0.6515820750168392
0.6507281405585152
0.6254913679191044
0.6343705313546317
0.6260565945080349
0.6367413188729968
0.6375535385949271
0.6417912244796753
0.6515970613275256
0.6387130234922681
0.6389029281479972
0.6400519439152309
0.621364699942725
0.6369770552430835
0.6397572840963092
0.6508950080190387
0.6452301783221108
0.6507370599678585
0.6333034804889134
0.6521279556410653
0.639584984098162
0.6430111144270215
0.6491688234465463
0.6366235315799713
0.6352171472140721
0.6320960862295968
0.6467587734971728
0.6473477823393685
0.646150461265019
0.6382229455879757
0.6366901312555585
0.6410958639213017
0.6416724579674857
0.6213143425328391
0.6393157286303384
0.6423898041248322
0.6496407006468091
0.6438547159944262
0.6485267962728228
0.6472327028002057
0.633435879434858
0.637600017445428
0.6440158614090511
0.6399737000465393
0.6393956414290837
0.6386420897075108
0.6382011217730386
0.6495402157306671
0.6368879164968219
0.6273883538586753
0.6425031423568726
0.6445167064666748
0.6473443039825985
0.6378202140331268
0.6296964415482112
0.6540271426950183
0.6337483354977199
0.6420975795813969
0.6486105961459023
0.6294240866388593
0.6480722257069179
0.6397601366043091
0.6476432681083679
0.6343751762594495
0.6480798040117536
0.6699899775641305
0.633009957415717
0.634635546377727
0.6519767386572701
0.6397689751216343
0.6359039034162249
0.6537723158087049
0.6433519210134234
0.6514161356857845
0.645327457359859
0.6489685220377786
0.6524227176393781
0.6347737312316895
0.6579403919833047
0.6371276548930577
0.6477009568895612
0.6372877785137722
0.6394465437957219
0.6459473201206752
0.6444185503891536
0.6443445214203426
0.6476301337991442
0.6309011237961906
0.6484217132840838
0.6483417791979653
0.6456570412431445
0.6437206992081234
0.6550985745021275
0.6461381954806191
0.6434817228998456
0.6420681561742511
0.6406569949218205
0.6447973804814475
0.6434727013111115
0.6454147143023354
0.6336667920861926
0.6436406459127154
0.6303467920848301
0.6450232182230268
0.6352870464324951
0.6395855247974396
0.6200109677655357
0.630858587367194
0.6450064820902688
0.6396557262965611
0.6377906118120465
0.6335113048553467
0.6304600366524288
0.6515563939298902
0.6416916166033063
0.6385867893695831
0.6365845203399658
0.6410905548504421
0.6418437276567731
0.6348990031651088
0.6441153117588588
0.6386246298040662
0.6379109961645943
0.6409298181533813
0.6459976349558149
0.648542548928942
0.6339111115251269
0.6433289732251849
0.6468300563948495
0.6385374622685569
0.6449367659432548
0.6401648053101131
0.6435576251574925
0.6376767797129494
0.6367395094462803
0.6492996088096074
0.6491040672574725
0.6482185465948922
0.635478709425245
0.643408157995769
0.6211392538888114
0.6392125274453845
0.6431129957948413
0.6470029013497489
0.6350498710359845
0.6296969481876918
0.6518566608428955
0.6341279191630227
0.6416910886764526
0.6301643465246473
0.6374366666589465
0.6439187484128135
0.629124573298863
0.6518340791974749
0.6343492652688708
0.6410865315369197
0.6449420154094696
0.6564074797289712
0.6361552391733442
0.6374073709760394
0.6466683745384216
0.6413727147238595
0.6364184958594186
0.6619319660323006
0.6430785272802625
0.6308213472366333
0.6330822919096265
0.63576369200434
0.6335654514176505
0.6383135446480342
0.632658588034766
0.6368711803640638
0.646019207579749
0.6319726492677417
0.6449842495577676
0.6508106929915292
0.6546995128904071
0.6327972199235644
0.6378585823944637
0.6396383345127106
0.6364895956856864
0.6403919160366058
0.6311702813420977
0.64138149363654
0.6684072741440364
0.630873611995152
0.6357186947550092
0.6462857340063367
0.6500745500837054
0.6546760414327893
0.6401646137237549
0.6347824377673013
0.6485650709697178
0.6399467417172023
0.6445387559277671
0.65305957198143
0.6532903483935765
0.6504628445420947
0.6488053628376552
0.6419108978339604
0.648685621363776
0.6402682534285954
0.6368433066776821
0.6365301651614053
0.636713479246412
0.6586501002311707
0.6524191626480648
0.6388762039797646
0.6431005639689309
0.6360984189169747
0.6436584080968585
0.6359145002705711
0.6578670612403325
0.6451239926474435
0.6380227548735482
0.6463515077318464
0.6390485976423536
0.6652508335454124
0.6508994953972953
0.6505036226340702
0.6464087579931531
0.6332135370799473
0.6681086463587624
0.6510405497891563
0.6354257847581591
0.6345484384468624
0.6365645144666944
0.6356398378099714
0.6444032277379718
0.6490819241319384
0.6411053964069912
0.6331616342067719
0.6473502729620252
0.6284211320536477
0.6441781009946551
0.6657878926822117
0.6412392003195626
0.6384223103523254
0.6325919585568565
0.6267189596380506
0.6499626210757664
0.6412896769387382
0.6402625228677478
0.6364033264773232
0.6476447199072156
0.6540161754403796
0.6423051484993526
0.6501623860427311
0.636164937700544
0.6579314385141645
0.6510766616889408
0.6463002690247127
0.6483978714261737
0.6259028145245144
0.6539614966937474
0.6416703079427991
0.6487152448722294
0.6558145454951695
0.6467968821525574
0.6426061860152653
0.6319239011832646
0.6392898985317775
0.6476277794156756
0.6605560992445264
0.6373427936008998
0.6384590906756265
0.6327750214508602
0.6330360855375018
0.6260741353034973
0.6517749130725861
0.6617476046085358
0.632101663521358
0.6367893772465842
0.6389463032994952
0.6418932506016323
0.6391626639025552
0.6340504799570356
0.6392575119222913
0.639956636088235
0.6227058470249176
0.6415306159428188
0.6365075622286115
0.632265214409147
0.6411854071276528
0.6325341973985944
0.6333017902714866
0.6311019446168628
0.6574840715953282
0.6292983889579773
0.6353174362863813
0.6438040265015194
0.6459663893495288
0.6370087478842054
0.6443552672863007
0.652749070099422
0.6505763871329171
0.6308739951678685
0.6401583169187818
0.646623283624649
0.641632046018328
0.6454847880772182
0.6462568087237222
0.6284413593155997
0.6228701557431903
0.6503677538463047
0.6459392138889858
0.6372782758304051
0.6622400198663984
0.6373077247823987
0.6422732302120754
0.631126480443137
0.6509113822664533
0.6437875373022897
0.6435671746730804
0.649346934897559
0.6378761827945709
0.6275989881583622
0.6390268972941807
0.6477544605731964
0.6375385309968676
0.6486051210335323
0.6447192175047738
0.626654395035335
0.6373855812208993
0.6444735867636544
0.6297694998128074
0.6486151218414307
0.6413476850305285
0.6437544354370662
0.648894020489284
0.6517311079161507
0.6415193719523293
0.6372122551713671
0.6482488087245396
0.6405037130628314
0.6523937455245427
0.6446890575545174
0.6340869665145874
0.641840900693621
0.6409975205148969
0.6429698382105146
0.6337808540889195
0.6344476512500218
0.6534341190542493
0.642919944865363
0.6612338594027928
0.6416944818837302
0.6436817007405418
0.6456162461212703
0.6438923903873989
0.6477188893726894
0.6302454556737628
0.6375517419406346
0.6467944766793933
0.6350248328277043
0.6414095035621098
0.6496112729821887
0.6401910952159336
0.6370377838611603
0.6390556863376072
0.6584930334772382
0.6509382213865008
0.6468725800514221
0.6475108904497964
0.6516777191843305
0.6362881532737187
0.6427370352404458
0.6329847233636039
0.6511907236916679
0.647551315171378
0.649961884532656
0.6501359854425702
0.6372685815606799
0.6413458245141166
0.6439974520887647
0.6286132165363857
0.6502654126712254
0.6395073064735958
0.6321075345788684
0.6398364135197231
0.6452726083142417
0.6481586566993168
0.6619208838258471
0.635072831596647
0.6444940907614571
0.6543041127068656
0.6476551592350006
0.657201669045857
0.6424653232097626
0.6383111945220402
0.630119264125824
0.6307427968297686
0.6414462966578347
0.6464305945805141
0.6377856263092586
0.64263202888625
0.6430302134581974
0.6500932403973171
0.6364799652780805
0.6407325267791748
0.6456622055598668
0.6430847176483699
0.6393376163073948
0.6331552267074585
0.6269605372633252
0.6362297492367881
0.6453298798629216
0.655049877507346
0.6403000525065831
0.6364719697407314
0.6484289935656956
0.6410161427089146
0.6517741594995771
0.6435005835124424
0.649673696075167
0.6447229896272931
0.6505345872470311
0.6432330395494189
0.647292686360223
0.6435975176947457
0.6351785446916308
0.6433550332273755
0.6308354224477496
0.6478751344340188
0.6302028851849693
0.6541838560785566
0.6433249371392387
0.6491530154432569
0.6397891640663147
0.6478402018547058
0.6304740948336465
0.6317463219165802
0.6473494597843715
0.6588674783706665
0.6362230735165733
0.636856917824064
0.6430679772581372
0.6397751186575208
0.6357178688049316
0.6372779054301125
0.6389057125364032
0.6372791826725006
0.6456752632345472
0.6454470370497022
0.6479077509471348
0.6596860672746386
0.6348834378378732
0.6325957647391728
0.6386577486991882
0.6406040745122092
0.6388605279581887
0.6453509884221214
0.6458779786314283
0.6397951330457415
0.6475615075656346
0.6433083159582955
0.6245022288390568
0.6389025620051793
0.6445650373186383
0.6315292332853589
0.6327995019299644
0.6485810620444161
0.6355802501950946
0.6350593439170292
0.6424945167132786
0.6505680467401233
0.6334118332181659
0.6369130653994424
0.6455055517809731
0.6334819197654724
0.6288717431681496
0.6389776170253754
0.64235976764134
0.6439713452543531
0.6394402129309518
0.6297024658748082
0.6470957824162075
0.6293970389025552
0.6539401582309178
0.637584639447076
0.6486262551375798
0.6420934072562626
0.6357437287058149
0.6482623602662768
0.6577546851975578
0.6407199076243809
0.6536695574011121
0.6404024107115609
0.6418736704758236
0.6364733023302895
0.6445133984088898
0.6492575492177691
0.6493854309831347
0.6460409547601428
0.6368374356201717
0.6387701843466077
0.6293275824614933
0.6482775126184736
0.6282824788774762
0.6417361285005297
0.6447183915546962
0.6425652716841016
0.6433439552783966
0.6399707070418766
0.6461018792220524
0.6481247842311859
0.6370165390627724
0.6486088463238308
0.6445573355470385
0.6248025979314532
0.6369906408446175
0.6356070680277688
0.6414798753602164
0.6425374490874154
0.6400549028600965
0.6380975203854697
0.6515769915921348
0.6417891936642783
0.6441162271159036
0.6492732848439898
0.656249578510012
0.6470799020358494
0.6351421730858939
0.6490164186273303
0.653334983757564
0.6394876922879901
0.6370453451360975
0.6491672907556806
0.6309895174843925
0.6394474804401398
0.6346557991845267
0.6419525274208614
0.6355108405862536
0.6375176438263485
0.6397742373602731
0.6188580521515438
0.6283712472234454
0.640564752476556
0.6513506514685494
0.6435370445251465
0.6352589854172298
0.6301268722329821
0.6463738424437386
0.6505449201379504
0.6406169533729553
0.6469028081212725
0.6308072549956185
0.6394266656466893
0.63011520249503
0.6426103455679757
0.6284783482551575
0.6475321905953544
0.636352287871497
0.6498704041753497
0.6216977494103568
0.6485715125288282
0.6344927506787437
0.6381891029221671
0.6409813676561628
0.6453730634280613
0.6475148711885724
0.6349495904786246
0.6387867076056344
0.6451853684016636
0.6458373836108616
0.6444991401263646
0.6380691358021328
0.6462210714817047
0.6344031946999686
0.6418961541993278
0.6456057003566197
0.626325228384563
0.6334225492818015
0.6404344822679248
0.6483559949057442
0.6404295435973576
0.636886498757771
0.640869643007006
0.6490490692002433
0.6376547515392303
0.6518373021057674
0.6339939662388393
0.6389753137316022
0.6417880398886544
0.6324371142046792
0.643512385232108
0.6397538185119629
0.6416876528944288
0.6646664227758136
0.6371331683226994
0.63140669465065
0.6492709389754704
0.6455732115677425
0.6399396572794233
0.6359175017901829
0.6370611233370644
0.638835391827992
0.6376199424266815
0.6508710384368896
0.6450036977018628
0.6454685500689915
0.6421301109450204
0.6541752815246582
0.6464796194008419
0.6510377185685294
0.634885345186506
0.6394519593034472
0.6472331711224147
0.6318655397210803
0.636810941355569
0.6489637877259936
0.6366521418094635
0.6418445195470538
0.6541182569095066
0.6419783021722522
0.6353308813912528
0.6270800616059985
0.6419862849371774
0.6407170466014317
0.6367347112723759
0.6275161121572767
0.6538036167621613
0.6462862406458173
0.6364172186170306
0.6251175105571747
0.6566497257777623
0.6244035618645805
0.6489390432834625
0.6384592822619847
0.644344082900456
0.6615652867725917
0.6446095279284886
0.6293500406401498
0.6342086493968964
0.6499669211251395
0.652576859508242
0.6420490103108543
0.6335638037749699
0.6512934139796666
0.6398350851876395
0.6493306713444846
0.6434166218553271
0.6459985034806388
0.6334805275712695
0.6330207245690482
0.6320428592818124
0.6424778316702161
0.6437709672110421
0.6442847209317344
0.637971967458725
0.6406869845730918
0.6465298916612353
0.6338345408439636
0.6484554239681789
0.6260460317134857
0.6339910711560931
0.6485502294131688
0.6360634905951363
0.6379423141479492
0.6417838888508933
0.6374405707631793
0.6282047799655369
0.6274227755410331
0.6460639366081783
0.6416492419583457
0.6286946024213519
0.6358463423592704
0.655125549861363
0.6391898436205727
0.6357273800032479
0.6517937523978097
0.6538721237863813
0.6543728751795632
0.6439739721161979
0.6494383428777967
0.633364873273032
0.645413760628019
0.6515019110270909
0.6426506042480469
0.6442372926643917
0.6378207291875567
0.6425874148096357
0.6413168651717049
0.6404618918895721
0.6459954338414329
0.6448648614542825
0.6513748935290745
0.647311053105763
0.6383008275713239
0.6370954641274044
0.6354496989931379
0.6341652997902462
0.6440551366124835
0.6439345734460014
0.6363396303994315
0.6350491302353996
0.6378597063677651
0.6399816530091422
0.6312194679464612
0.6416237652301788
0.6415315312998635
0.636966198682785
0.636945686170033
0.6387031589235578
0.6274724687848773
0.6439916746956962
0.6312898865767888
0.6495577905859266
0.6431190839835575
0.6398549931389945
0.6461864369256156
0.6226213106087276
0.6417609793799264
0.6426511662346976
0.6459603181907109
0.643897282225745
0.641679938350405
0.643728494644165
0.663233084338052
0.6410417343888964
0.6392597087791988
0.6408114433288574
0.6542333960533142
0.653120539018086
0.6344068774155208
0.6566350758075714
0.6414196193218231
0.6481423377990723
0.640055422272001
0.64821309702737
0.6338582720075335
0.6379686168261937
0.633630279983793
0.6475933109010968
0.6391799449920654
0.6273603056158338
0.6356728885854993
0.6280167613710675
0.6423400342464447
0.6514707463128226
0.630501253264291
0.6306009207453046
0.6377401522227696
0.6463344991207123
0.6482834603105273
0.6304637534277779
0.6320546610014779
0.6434937545231411
0.6437088634286608
0.637188834803445
0.6514967424528939
0.6560047439166478
0.6534901644502368
0.6395499961716788
0.6404262483119965
0.6350775020463126
0.640733505998339
0.6370616129466465
0.6423435083457402
0.6380205409867423
0.6349619499274662
0.6382921636104584
0.6587836784975869
0.6413479702813285
0.6392662397452763
0.6456713889326368
0.6382778627531869
0.6356995786939349
0.6383473745414189
0.6346345884459359
0.6453531810215541
0.6451921463012695
0.6294361693518502
0.6524668463638851
0.6533189458506448
0.6408582627773285
0.646734893321991
0.6477608169828143
0.6395563185214996
0.6343419296400887
0.639207512140274
0.6411099859646389
0.6415013032300132
0.628561441387449
0.6472884459154946
0.644316485949925
0.650958137852805
0.6493251962321145
0.6467986575194767
0.6429829299449921
0.6397907648767743
0.6579440619264331
0.6443191170692444
0.637892850807735
0.6433469738279071
0.6443043606621879
0.653348275593349
0.6437733386244092
0.6329841443470546
0.6453318808759961
0.6391594580241612
0.6379945618765694
0.6410716474056244
0.6327171581132072
0.6410841941833496
0.6552620104381016
0.6472307741641998
0.6490309068134853
0.6405130326747894
0.6470237459455218
0.6455019755022866
0.6566438462053027
0.6467435615403312
0.6393246650695801
0.6403059618813651
0.6368139343602317
0.6381112677710397
0.6377263111727578
0.6435404079301017
0.6402849640165057
0.645904221705028
0.6416463681629726
0.6447381760392871
0.6439115362507957
0.6394779554435185
0.6442787264074598
0.6447942469801221
0.6433075538703373
0.6272406535489219
0.6509388046605247
0.6407821817057473
0.6436310921396527
0.6405659190246037
0.6335995750767844
0.6422378974301475
0.6397452524730137
0.6342856628554208
0.6301300142492566
0.6337176774229322
0.6373803274972099
0.6314357902322497
0.6427961673055377
0.6503305605479649
0.6260505403791156
0.6386850689138684
0.6425584852695465
0.6363871906484876
0.6336065530776978
0.6370149212224143
0.6431029268673488
0.6583296954631805
0.6318421236106327
0.65449971812112
0.6415316888264248
0.6316807227475303
0.6472265635217939
0.6290033757686615
0.6434385265622821
0.6456137810434613
0.6566268248217446
0.6442411967686245
0.634448230266571
0.6489227967602866
0.6370103103773934
0.6245147841317313
0.646208643913269
0.6494553089141846
0.6502967306545803
0.6455937155655452
0.6471585929393768
0.6492298245429993
0.6502914939607892
0.627170034817287
0.6432370075157711
0.6502874876771655
0.642796835729054
0.6399567425251007
0.62571268422263
0.6361861314092364
0.6472424864768982
0.6346143526690347
0.6369477808475494
0.6468468691621508
0.630914283650262
0.6347471475601196
0.6266586823122842
0.6485320585114616
0.6271260934216636
0.6483804370675769
0.6483525676386697
0.6362559710230146
0.6697918474674225
0.6367950396878379
0.6317100482327598
0.6318634961332593
0.6594067982264927
0.6582506000995636
0.6414823276656014
0.6418160923889705
0.6427071860858372
0.6506045843873706
0.6499212511948177
0.632289183991296
0.6452848953860146
0.6396104608263288
0.6365661493369511
0.6419245515550885
0.6621581784316471
0.6535999264035907
0.6442762953894479
0.6469647926943642
0.6381942800113133
0.6395983994007111
0.6506912963730949
0.669877426964896
0.6400591518197741
0.6350699833461216
0.6454303222043174
0.6452197432518005
0.6467863193580082
0.6586303412914276
0.6501112239701408
0.6504187796797071
0.6377171576023102
0.6459269864218575
0.648447015455791
0.6343160654817309
0.6336327195167542
0.6414695339543479
0.6347155400684902
0.6457619283880506
0.6314671763351986
0.6531293775354113
0.6373565069266728
0.6446368481431689
0.6369710905211312
0.64635369181633
0.6363577374390194
0.6311789069856916
0.6375155534063067
0.6428010250840869
0.6393413884299142
0.6312013013022286
0.6518823972770146
0.6366768479347229
0.6459030594144549
0.6375345034258706
0.633417329617909
0.6414121900285993
0.6369973974568504
0.6413063108921051
0.6347851753234863
0.6519043913909367
0.6418165692261287
0.6431513897010258
0.6484174260071346
0.6388612346989768
0.6452260272843497
0.6341639842305865
0.6344748267105648
0.6318727731704712
0.642754635640553
0.6408781749861581
0.642882091658456
0.6385021763188499
0.6426217045102801
0.6383539438247681
0.644386853490557
0.6411223709583282
0.6413209055151258
0.6401369954858508
0.6368943623134068
0.6561879089900425
0.6406780523913247
0.6489797489983695
0.6418883800506592
0.6424295221056256
0.6524057473455157
0.6173076970236642
0.632745942899159
0.6464671748025077
0.652023468698774
0.6389379033020565
0.648872366973332
0.6474949930395398
0.6348941496440342
0.6373211187975747
0.6339667652334485
0.636086962052754
0.6335673247064862
0.639025377375739
0.6213065981864929
0.6552196741104126
0.6379706689289638
0.6386742762156895
0.6501897360597338
0.6485816666058132
0.6464685712541852
0.6441862242562431
0.6305908986500331
0.6377693584987095
0.6508820227214268
0.6446884615080697
0.6414719138826642
0.6405236337866101
0.6408648788928986
0.6518954379217965
0.6420031785964966
0.6402332867894854
0.6413488941533225
0.6306217866284507
0.6486069474901471
0.6464799642562866
0.6503526994160244
0.643092909029552
0.6459154316357204
0.6452852274690356
0.6488747894763947
0.6382490183625903
0.6629857846668789
0.6408079862594604
0.6468846031597683
0.6350539922714233
0.6525788562638419
0.6309857709067208
0.636489348752158
0.6467470271246774
0.6264301070145198
0.6400903378214154
0.6205358845846993
0.659487613609859
0.6404301140989576
0.6318524139268058
0.6305627269404275
0.6437285670212337
0.6425326083387647
0.6335543862410954
0.6457218953541347
0.6360448769160679
0.6642007061413356
0.6339709290436336
0.6378142067364284
0.6415708150182452
0.6385696615491595
0.638373362166541
0.6372847812516349
0.6483942270278931
0.658811343567712
0.6290664970874786
0.6427461632660457
0.6506897849696023
0.6352334874016898
0.6296974548271724
0.6514849407332284
0.6569525258881705
0.6454487102372306
0.6361522078514099
0.6312393886702401
0.6407177405697959
0.6291523703507015
0.6400809926646096
0.6230842300823757
0.6449284468378339
0.6351064102990287
0.6393067411014012
0.6501041097300393
0.6412679851055145
0.6599091930048806
0.648732168333871
0.6488631878580365
0.6416575610637665
0.6360124903065818
0.6420170281614576
0.628939722265516
0.6544499610151563
0.6275442710944584
0.6465360777718681
0.6467130822794778
0.642091018812997
0.633370178086417
0.6464643393244062
0.627188925232206
0.639811077288219
0.638279914855957
0.6336994000843593
0.6377316117286682
0.6343309709003994
0.6432814214910779
0.6382466852664948
0.6403705222266061
0.6450207148279462
0.6495885678700039
0.6407797592026847
0.632158351796014
0.6477387845516205
0.656188211270741
0.6366415279252189
0.637359367949622
0.6516074580805642
0.6444361124719892
0.6579874498503548
0.6391675131661552
0.6283689950193677
0.6471635188375201
0.6301312787192208
0.6455505873475756
0.6427033075264522
0.6491316684654781
0.6362713362489428
0.6381181521075112
0.6337234633309501
0.642251947096416
0.6366519161633083
0.6491729489394596
0.6435420555727822
0.6452327455793109
0.6408705285617283
0.643322731767382
0.6356107890605927
0.6444449552467891
0.6424697637557983
0.6309508255549839
0.6386618358748299
0.6317979608263288
0.6401837255273547
0.6523220368794033
0.6391953144754682
0.6533130194459643
0.6470349686486381
0.6395996723856244
0.6468184079442706
0.632724689585822
0.6509011472974505
0.643469261271613
0.6414288750716618
0.6479009773050036
0.6366326596055712
0.6491939297744206
0.638868681022099
0.6371328830718994
0.6434060292584556
0.6498986525194985
0.6327210792473384
0.6484943202563694
0.6371937223843166
0.6465725813593183
0.644962021282741
0.6312678115708488
0.6473254093102047
0.6568567497389657
0.6385387267385211
0.6343871227332524
0.6396686903067997
0.6309762086187091
0.648554823228291
0.6363342361790794
0.650863549539021
0.6532921322754451
0.6396481054169791
0.6460602836949485
0.6447318111147199
0.6394571832248143
0.6345836690493992
0.6424292411123004
0.629380179303033
0.6476174124649593
0.6348573097160884
0.6606325294290271
0.6425163447856903
0.6491296206201825
0.650708773306438
0.633904082434518
0.6482793433325631
0.6444012565272195
0.6374786155564445
0.6493869636740003
0.6569090442998069
0.6511600528444562
0.6373362456049237
0.6388658923762185
0.6424320425306048
0.6266849594456809
0.6509224857602801
0.6264541660036359
0.641216333423342
0.645012983254024
0.6405832426888602
0.6398966695581164
0.6421811538083213
0.6325601807662419
0.6369509696960449
0.6514564113957542
0.6400010117462703
0.6322088028703418
0.6492180909429278
0.6291306231703077
0.643072818006788
0.6342328105654035
0.6542856054646629
0.6441441050597599
0.6365261929375785
0.6410050434725625
0.6537089645862579
0.6522176095417568
0.6412367309842791
0.6410330661705562
0.6485472576958793
0.6392978131771088
0.6464694312640599
0.6423342270510537
0.633044400385448
0.6358397730759212
0.6353906052453178
0.6429250240325928
0.6324580652373177
0.6305846614497048
0.6451339977128165
0.6439294517040253
0.6428804567881993
0.6388206865106311
0.6512955640043531
0.6352029102189201
0.6315171888896397
0.6406233566147941
0.6501153239182064
0.6419707408973149
0.6535660411630358
0.638190358877182
0.6402501932212284
0.6429553244795118
0.6391730351107461
0.6426104009151459
0.6376115722315652
0.6272024767739433
0.6218827324254173
0.6454053095408848
0.6483467221260071
0.6395772652966636
0.6287492300782885
0.6381090666566577
0.6513025718075889
0.618233859539032
0.6445833189146859
0.6480769429888044
0.6422537905829293
0.6432533008711678
0.6313492442880358
0.6345705815723964
0.6403869560786656
0.632050599370684
0.6273285618850163
0.6452359812600272
0.6390345905508313
0.6413773127964565
0.6479604116507939
0.6402936450072697
0.6417620778083801
0.6335102617740631
0.6483915320464543
0.6422932871750423
0.6421332912785667
0.632112170968737
0.6530233068125588
0.6452392339706421
0.6411863693169185
0.6488765478134155
0.6516722781317574
0.6416551896503994
0.6415723434516362
0.6285787522792816
0.6431602750505719
0.6427309811115265
0.6427152369703565
0.6508529824869973
0.6361153040613446
0.6504256512437548
0.6375460965292794
0.6325364240578243
0.6347971430846623
0.6463072640555245
0.6348806193896702
0.6410158702305385
0.6384622582367488
0.6431967530931745
0.6440749977316175
0.6372072654111045
0.6275671209607806
0.6468723884650639
0.6365963986941746
0.655568608215877
0.6472496688365936
0.6485540398529598
0.6435705976826804
0.6405835023948124
0.6426595577171871
0.6463213264942169
0.6447744710104806
0.6358851194381714
0.6372824098382678
0.6521581155913216
0.625717989036015
0.6469562522002629
0.6310722742761884
0.6375655276434762
0.6413757417883191
0.6497117238385337
0.6382686623505184
0.6400097736290523
0.6503652504512242
0.6459167386804309
0.6349635209356036
0.651130769933973
0.635766110249928
0.6458202004432678
0.6349324285984039
0.6513325699738094
0.6464484674589974
0.6364562979766301
0.6407976831708636
0.6359099788325173
0.6588524750300816
0.6478382476738521
0.644941474710192
0.6447937020233699
0.6406415786061969
0.6312594073159354
0.6244096372808728
0.6380012503692082
0.6316438019275665
0.6392627230712346
0.6463204451969692
0.6459454681192126
0.6487305845533099
0.6383772109236036
0.6501160945211139
0.6429678244250161
0.6404836986746106
0.6538072271006448
0.6350364983081818
0.6536915472575596
0.629656549010958
0.6320763528347015
0.6557877446923938
0.6417028307914734
0.6380973841462817
0.6341365192617688
0.6394913409437452
0.6506457626819611
0.6303921256746564
0.6452516870839256
0.6501209437847137
0.6363560727664402
0.6350055762699672
0.634944064276559
0.6481448667390006
0.6397225771631513
0.6395468541554042
0.6523479010377612
0.6516046183449882
0.6431682365281242
0.6493806626115527
0.6305546675409589
0.6499710168157306
0.6350549757480621
0.650043031999043
0.6461615562438965
0.6297925753252847
0.6419087052345276
0.642008547272001
0.6459297580378396
0.6387823224067688
0.649804698569434
0.6430674663611821
0.6342144055025918
0.6447416288512093
0.6456013534750257
0.6413486344473702
0.6375674477645329
0.6302596884114402
0.6471389361790248
0.6440153079373496
0.6444590091705322
0.6412508487701416
0.6415344306400844
0.6312699743679592
0.6473084177289691
0.6676910051277706
0.6400049328804016
0.6417322967733655
0.6369512719767434
0.6496333054133824
0.6542705978666034
0.6430491038731166
0.6381420280252185
0.6296083629131317
0.644686439207622
0.6506073134286063
0.6365322896412441
0.6305513807705471
0.6318510089601789
0.6495393982955388
0.6438709625176021
0.634393858058112
0.6408091059752873
0.649296236889703
0.6294488864285606
0.640559196472168
0.6327225395611354
0.6592944775308881
0.6514085275786263
0.6384078008787972
0.6530788881438119
0.6322144482816968
0.6328425024236951
0.6396266775471824
0.6363989668233054
0.6448369409356799
0.6441606538636344
0.6424110276358468
0.6453323704855782
0.6332094711916787
0.6385609677859715
0.6314615053789956
0.643509145293917
0.6385719435555595
0.641462185553142
0.6411311711583819
0.6522184014320374
0.6389100934777941
0.6269481948443821
0.6481883142675672
0.6461342913763863
0.6480105604444232
0.6369508930615017
0.6490515640803746
0.6460912355354854
0.6328116016728538
0.6469533784048898
0.6373914735657829
0.6310906282493046
0.6399649466787066
0.6491005761282784
0.6398168887410846
0.6303369530609676
0.6374083629676274
0.6298878278051104
0.6388485218797412
0.6416160123688834
0.642515208039965
0.6431580483913422
0.6442172740186963
0.6422923675605229
0.6458345353603363
0.6546488872596196
0.6416112525122506
0.6494134707110268
0.6504803725651332
0.6332393756934575
0.6349538905279977
0.6551983867372785
0.6501769253185817
0.6383214720657894
0.6451609092099326
0.6285834695611682
0.6368012172835213
0.6455994418689183
0.6353576268468585
0.6499980858394078
0.635529854467937
0.6422375099999564
0.6598402559757233
0.6432923972606659
0.6381647544247764
0.6624275190489632
0.6519779477800641
0.6356168389320374
0.6442023089953831
0.6344022921153477
0.6316420350755964
0.6379876264504024
0.648032716342381
0.6535080288137708
0.6355047864573342
0.6450882596629006
0.6398326669420514
0.646781210388456
0.6578551232814789
0.6459587642124721
0.6383821879114423
0.6389092377253941
0.6420621446200779
0.63948740703719
0.6356800752026694
0.6302713879517147
0.6387252807617188
0.6338755062648228
0.642484724521637
0.6509365354265485
0.64173852120127
0.6495183323110852
0.648537563426154
0.6441253083092826
0.6395855801446098
0.6310119245733533
0.6360943274838584
0.6312725373676845
0.6378516299383981
0.6461183173315865
0.6506061553955078
0.6348973555224282
0.6400089093617031
0.6322260754449027
0.6415051903043475
0.6326537259987423
0.6358152415071215
0.6510485751288277
0.6363033013684409
0.6413618581635612
0.6367745356900352
0.6423768145697457
0.6641353666782379
0.6431679172175271
0.6406201464789254
0.6557426622935704
0.6474380152566093
0.6415741528783526
0.6395528614521027
0.6327733482633319
0.6435051304953439
0.6387010855334145
0.6350166925362178
0.6485369844096047
0.644563798393522
0.6416876486369542
0.6408276217324393
0.6450147501059941
0.6584724656173161
0.6359694089208331
0.642746776342392
0.6360103360244206
0.6349408882004874
0.6351463581834521
0.6499412740979876
0.6330378609044212
0.638983062335423
0.6391952931880951
0.6252814403602055
0.6348099410533905
0.6461449308054787
0.6358367460114616
0.6430340579577855
0.645759084395
0.638061204126903
0.6551760009356907
0.6484969002859933
0.6383778495447976
0.6328889429569244
0.6488124941076551
0.6510482813630786
0.6265698501041957
0.6451502825532641
0.6433236002922058
0.6545123670782361
0.6318265455109733
0.6290838888713292
0.6417134957654136
0.6328590384551457
0.631404208285468
0.6374211992536273
0.6417870138372693
0.6404825747013092
0.637464097567967
0.63716059923172
0.6420271268912724
0.6428623284612384
0.6577478264059339
0.6366044538361686
0.639746401991163
0.646061292716435
0.642764470406941
0.6250766175133842
0.6430899117674146
0.65388109428542
0.6476316154003143
0.6377229392528534
0.6230831486838204
0.6460599814142499
0.6284145159380776
0.6314638086727687
0.6249136456421444
0.6445323356560299
0.6404941422598702
0.6390287705830165
0.650390237569809
0.6445724325520652
0.6450951993465424
0.6490738434450967
0.6343321715082441
0.6548619994095394
0.6313232098306928
0.6465583911963871
0.6447800738470895
0.6411427174295697
0.6442313364573887
0.663018022264753
0.6570198876517159
0.6489577080522265
0.6493064974035535
0.6283728735787528
0.6430528632232121
0.6416831570012229
0.6412507338183266
0.6344737240246364
0.6299753785133362
0.637414642742702
0.6565704090254647
0.6462503629071372
0.6251218659537179
0.6286740856511253
0.6209097462041038
0.6466136574745178
0.6510482771056039
0.641054996422359
0.6474614143371582
0.6308970153331757
0.6452088696616036
0.6357721473489489
0.6456401901585715
0.629885733127594
0.629949016230447
0.6406250723770687
0.6277928522654942
0.6454608525548663
0.6409200813089099
0.6349476064954486
0.6473848266260964
0.6470108245100293
0.6557553964001792
0.6426570117473602
0.6342910613332476
0.6525463121277946
0.6523207128047943
0.640840300491878
0.6312126772744315
0.629962146282196
0.6458542602402824
0.6323421767779759
0.6479033614907946
0.6406518306050982
0.6357162254197257
0.6468639033181327
0.6522401997021267
0.6292766077177865
0.6432420568806785
0.6330999646868024