0.6340207968439374
0.6592545083590916
0.6385220459529332
0.6324099855763572
0.6440780716282981
0.6353037868227277
0.6454198104994637
0.6501764101641518
0.6535284050873348
0.6551708323614938
0.6312680244445801
0.6506165734359196
0.6371515010084424
0.6545586330550057
0.6604670882225037
0.6595894779477801
0.6411680579185486
0.6452839800289699
0.6638854273727962
0.6525753651346479
0.6427082759993417
0.6291077051843915
0.6456073224544525
0.6534935746874128
0.6276169674737113
0.6505118693624224
0.634349137544632
0.6371374428272247
0.6510540204388755
0.6342026931898934
0.637799893106733
0.6371633963925498
0.6344434789248875
0.6531755328178406
0.652528681925365
0.6284680451665606
0.6469531186989376
0.6455451888697488
0.6515851318836212
0.6464328978742871
0.6310252930436816
0.6301402875355312
0.6304379446165902
0.6515547846044812
0.6518161765166691
0.648903659411839
0.6512039857251304
0.6305832437106541
0.6460793401513781
0.6385070128100259
0.648734416280474
0.6416302621364594
0.6473781594208309
0.6379855019705636
0.6289527714252472
0.6488838578973498
0.6390871575900486
0.6404785982200077
0.6318951674870082
0.6439227334090641
0.6479255897658212
0.6418810529368264
0.6442023600850787
0.6321839307035718
0.6426241099834442
0.6373983195849827
0.6501830390521458
0.6439921600478036
0.6383308087076459
0.635609643799918
0.6379282687391553
0.6426939964294434
0.6476321603570666
0.6426530735833305
0.6599320386137281
0.662306866475514
0.6331500623907361
0.6316267805440086
0.6423999752317157
0.6378687620162964
0.642687806061336
0.6304987498692104
0.6479020459311349
0.6451717487403325
0.6444588090692248
0.6483319657189506
0.6517841049603054
0.6491211184433529
0.6277632755892617
0.6444576680660248
0.6572944181306022
0.6432961736406598
0.6506382950714656
0.6411682495049068
0.6383213996887207
0.6515993986810956
0.6483039345060077
0.6381814522402627
0.6357166426522392
0.6345949811594827
0.6544256210327148
0.6423413966383252
0.6503538021019527
0.64901317017419
0.6444021378244672
0.6435095752988543
0.6472872751099723
0.6425559818744659
0.6371996615614209
0.6329906412533352
0.6434270526681628
0.6337318420410156
0.6357726369585309
0.6337294110230037
0.6469261859144483
0.6456824668816158
0.6359417481081826
0.6362302899360657
0.6475960271699088
0.6247320175170898
0.637392772095544
0.6333874889782497
0.6465869843959808
0.6447050017969949
0.6346395526613507
0.6328883426530021
0.6427754036017826
0.6483643778732845
0.6400248791490283
0.6508081001894814
0.6327890029975346
0.6555507183074951
0.6503595752375466
0.6513375810214451
0.6378815940448216
0.6538233927318028
0.659615159034729
0.6429850671972547
0.6349000462463924
0.6477585136890411
0.6462189938340869
0.6570191085338593
0.6411932536533901
0.629914368901934
0.6400507688522339
0.6372241803577968
0.6449409127235413
0.6387678555079869
0.6509939900466374
0.6413590013980865
0.6483578341347831
0.6336304886000497
0.6487163262707847
0.6415853926113674
0.6503303519317082
0.6486616645540509
0.6492784449032375
0.6378768852778843
0.6583137256758553
0.6418323644569942
0.6366164471421923
0.6509719107832227
0.6358950734138489
0.6389744111469814
0.6308453593935285
0.6475421914032528
0.6425706446170807
0.6430241678442273
0.6292497643402645
0.6396677579198565
0.6275372207164764
0.6285963228770665
0.6374842354229519
0.6313082192625318
0.6276510272707257
0.6199560122830527
0.6506747262818473
0.6352264540536063
0.6406708317143577
0.6429219245910645
0.6460929725851331
0.647008308342525
0.6566116724695478
0.6434436823640551
0.6448260503155845
0.6241792695862907
0.6319900282791683
0.6391912826469967
0.6453839497906821
0.6535426931721824
0.6447704860142299
0.6266166823250907
0.6405743275369916
0.632772126368114
0.6534198863165719
0.6302446126937866
0.6336428437914167
0.6354932061263493
0.6416236289909908
0.6462941212313515
0.6364359557628632
0.6441054471901485
0.6319406586033958
0.6368452225412641
0.6393243287290845
0.6603862600667136
0.646342613867351
0.6339977596487317
0.6413755203996386
0.6641690220151629
0.632819767509188
0.6490205441202436
0.6415433585643768
0.6315925972802299
0.6392891832760402
0.6392070863928113
0.6452440321445465
0.6490555873938969
0.6481572006429944
0.6406057902744838
0.6394235789775848
0.6312278722013746
0.6429463497229985
0.6313119871275765
0.6373897365161351
0.63897562452725
0.6391285019261497
0.6386847410883222
0.6549881739275796
0.6400640947478158
0.6349538266658783
0.6408007230077472
0.6395337539059776
0.6431773432663509
0.6406055986881256
0.646498224564961
0.6545283922127315
0.6394478252955845
0.6358795251165118
0.6410125281129565
0.633460921900613
0.6506962478160858
0.6493670770100185
0.6402316008295331
0.6352242571966988
0.6415120874132428
0.6417677700519562
0.6460970427308764
0.6493877811091286
0.6508657549108777
0.6379985468728202
0.6501197900090899
0.6324497972215924
0.6422620245388576
0.6371679816927228
0.6357922852039337
0.6354027262755803
0.6518344410828182
0.652338159935815
0.6425258346966335
0.6344034927231925
0.639577499457768
0.6428107150963375
0.6475707249982017
0.6332976009164538
0.6439337134361267
0.6529945773737771
0.6513303944042751
0.6327575828347888
0.6483912425381797
0.6432282413755145
0.6578372291156224
0.64285580601011
0.6398693876607078
0.6514849620206016
0.6322793023926871
0.6336990637438638
0.646326584475381
0.6296568555491311
0.6468571594783238
0.6378414843763623
0.6382172107696533
0.6498952891145434
0.6346033045223781
0.6358664802142552
0.6229725437504905
0.6498604076249259
0.6313809284142086
0.6341192381722587
0.6518518711839404
0.6466196775436401
0.6453682439667838
0.6498089006968907
0.6498603224754333
0.648326690707888
0.6395908508981977
0.6298199125698635
0.6501536582197461
0.6261537543364933
0.6464733864579882
0.6446678766182491
0.6430944119180951
0.6449146909373147
0.652350800377982
0.6325298249721527
0.6359454478536334
0.6415380494935172
0.6460131917681012
0.6318943500518799
0.6396107971668243
0.6261131508009774
0.6357981818062919
0.6374348146574838
0.6566115702901568
0.6330054444926125
0.6434122281415122
0.6352621146610805
0.6430450081825256
0.63340625166893
0.6251967379025051
0.6427343530314309
0.6610614103930337
0.6307113936969212
0.6494892111846379
0.6461943686008453
0.640644371509552
0.6475534098488944
0.6292323257241931
0.6368899430547442
0.6347180519785199
0.6442354023456573
0.6453102614198413
0.6389261526720864
0.651057460478374
0.6370275957243783
0.648066303559712
0.6300683106694903
0.6389289157731193
0.6366715005465916
0.6334298040185656
0.6291922075407845
0.6491389572620392
0.6393023729324341
0.6590260352407183
0.6501975400107247
0.6290082803794316
0.6434463688305446
0.6474636580262866
0.6441617693219867
0.6345705006803785
0.6287331708839962
0.640773091997419
0.635441107409341
0.6567317971161434
0.6456664502620697
0.6336981654167175
0.6275867947510311
0.6508533997195107
0.6439138267721448
0.6477523956980024
0.6470730900764465
0.643108103956495
0.6412297998155866
0.6340349401746478
0.6568038889339992
0.6458279873643603
0.6374893912247249
0.6498114381517682
0.6406680728707995
0.6328894410814557
0.6457605532237461
0.6432879822594779
0.648307455437524
0.6432167376790728
0.6483392587729863
0.6389775489057813
0.6309802830219269
0.6302753474031176
0.6365743790354047
0.6459028039659772
0.6339063176086971
0.6456807894366128
0.6273921855858394
0.6321875154972076
0.6511073453085763
0.6479044599192483
0.6408715801579612
0.6416358820029667
0.63260731952531
0.6361982609544482
0.6261201458317893
0.6379807335989816
0.6537253601210458
0.6565606892108917
0.6358323778424945
0.6290601960250309
0.6344910136290959
0.640778831073216
0.6650236121245793
0.6494948097637722
0.626005300453731
0.6310860174042838
0.6336026574884143
0.6324239500931331
0.6292425947529929
0.6547329340662275
0.6222725595746722
0.6441457058702197
0.6325649448803493
0.6322883069515228
0.6451062645230975
0.6457881288869041
0.6354676357337407
0.6397016942501068
0.647151027406965
0.6355913579463959
0.6553394539015633
0.6439853864056724
0.6517853396279472
0.6322104249681745
0.6518507940428597
0.6309939495154789
0.6516041031905583
0.6345122839723315
0.6450268072741372
0.6396702783448356
0.6464581446988242
0.6532072765486581
0.6344527687345233
0.635300121137074
0.6292420029640198
0.6420046516827175
0.6450079679489136
0.646826982498169
0.6427693154130664
0.641000577381679
0.645462019102914
0.6391946077346802
0.6404948532581329
0.6334408691951207
0.6371754961354392
0.6503217092582158
0.6450464427471161
0.6339855704988752
0.6422591251986367
0.6473911191735949
0.6345684613500323
0.630946444613593
0.6386648161070687
0.6484664891447339
0.6468655552182879
0.6574463418551854
0.6297405319554465
0.6362725709165845
0.6508721368653434
0.651270180940628
0.6459628173283168
0.6427650792258126
0.6412054938929421
0.6421259811946324
0.639207627092089
0.645348459482193
0.6415467304842812
0.6390558694090162
0.6299357627119336
0.6431738563946315
0.6462874582835606
0.6409456389290946
0.6520303743226188
0.6348355114459991
0.6550403918538775
0.6505488199847085
0.6538644092423576
0.6381282806396484
0.6498081002916608
0.6324770408017295
0.6542135860238757
0.6419298478535244
0.6442348318440574
0.6411858754498618
0.6543935069016048
0.6451498993805477
0.6327898757798331
0.6418686636856624
0.6388485644544873
0.6485681746687207
0.6362154356070927
0.6468385756015778
0.6441791909081596
0.6479454636573792
0.6415982501847404
0.6348105370998383
0.6433454666818891
0.6435826122760773
0.6521997920104435
0.6374030070645469
0.6227178743907383
0.6470884553023747
0.6468973159790039
0.6306166563715253
0.6373127954346793
0.6492758435862405
0.6471134296485356
0.6360830749784198
0.6307604355471474
0.639125087431499
0.6593511870929173
0.6536664494446346
0.6415499321052006
0.6425139776297978
0.6357018394129617
0.6291740664413997
0.6547074232782636
0.6324263555662972
0.6460392304829189
0.6501391998359135
0.6530908048152924
0.6620403272765023
0.6380377071244376
0.6455724920545306
0.6451110030923571
0.6235472304480416
0.6488763264247349
0.6516415902546474
0.6353776412350791
0.6429105145590646
0.654528055872236
0.6509250572749546
0.6342902311256954
0.6487436124256679
0.6456011661461422
0.6404221483639309
0.6603012595857892
0.6507560525621686
0.6493660807609558
0.6284766282354083
0.6400237381458282
0.6361983035291944
0.635142662695476
0.6359041375773293
0.6494879978043693
0.6344925761222839
0.6370750027043479
0.6404718245778765
0.6382724089281899
0.634641306740897
0.6328540529523577
0.644320126090731
0.6363172786576408
0.6519652434757778
0.6373059153556824
0.639050807271685
0.6400660020964486
0.6492095078740802
0.654287304197039
0.6375370281083244
0.6345870196819305
0.6432520406586784
0.6501691596848624
0.6583253996712821
0.641884982585907
0.6556932585580009
0.6497642781053271
0.6300124781472343
0.648684663431985
0.6444904548781258
0.6336983399731773
0.6483228504657745
0.6448203751019069
0.6430850028991699
0.6396595367363521
0.6486029412065234
0.63668349811009
0.6548468768596649
0.6417758762836456
0.6612021497317723
0.6426685963358197
0.6451677424567086
0.6267766399042947
0.6425192100661141
0.6340896316937038
0.6265723364693778
0.648930128131594
0.6443648636341095
0.6486934849194118
0.643635060106005
0.648149345602308
0.6312706215041024
0.6400583727019173
0.637828895023891
0.6377137899398804
0.6387441328593663
0.6307000688144139
0.652938996042524
0.6491229789597648
0.641329607793263
0.6320152751037053
0.6388077906199864
0.6413058085100991
0.6548195864473071
0.6593310747827802
0.636836758681706
0.635919851916177
0.6415657528809139
0.634392533983503
0.639415796313967
0.6442425208432334
0.6400871362004962
0.6467184509549823
0.6407706907817295
0.6407209123883929
0.6382488991533007
0.6495550530297416
0.6257211651120868
0.6302722522190639
0.6371376046112606
0.6356532743998936
0.6282966605254582
0.649266025849751
0.6449139969689506
0.6312625450747353
0.6216268496853965
0.6259468879018512
0.6360558526856559
0.6436294146946498
0.6380317977496556
0.650228772844587
0.6388260338987622
0.6345869558198112
0.6472207733563015
0.6326695382595062
0.629927009344101
0.6448268209184919
0.6344800208296094
0.638118075472968
0.643349323953901
0.6350327091557639
0.6479058478559766
0.6329587996006012
0.6445706742150443
0.6638119007859912
0.6510141279016223
0.6439136564731598
0.6479159934180123
0.6351753004959652
0.6342948504856655
0.6375142080443246
0.6458226357187543
0.6449327000549862
0.6373926060540336
0.638995179108211
0.6347738759858268
0.6285337465150016
0.6508829040186745
0.6581990676266807
0.6454021760395595
0.6341528722218105
0.6289379809583936
0.641395092010498
0.639662253005164
0.6401797533035278
0.6431232520512172
0.6496782558304923
0.6358523666858673
0.645438185759953
0.6357378789356777
0.6394228381769997
0.623487617288317
0.6382271775177547
0.6425354267869677
0.6564319857529232
0.6561676859855652
0.6489870505673545
0.6362288466521672
0.6393407668386187
0.6535281155790601
0.6419145252023425
0.6580031599317279
0.6511480765683311
0.6315204969474247
0.6469729713031224
0.6383841548647199
0.6376075106007713
0.6396769157477787
0.6443465011460441
0.6568645792348045
0.6289174003260476
0.6361224608761924
0.652332067489624
0.6516147298472268
0.6357769966125488
0.6428388186863491
0.6414552884442466
0.6428718396595546
0.6460011218275342
0.6448258459568024
0.6324283012322017
0.6413196623325348
0.6486168886934008
0.6470953907285418
0.6262480872017997
0.6409732103347778
0.6321672541754586
0.6340760716370174
0.6362408058983939
0.6222250802176339
0.640041538647243
0.6483938225678035
0.6515802826200213
0.6345715863364083
0.6491328690733228
0.6487575811999184
0.639974730355399
0.6466807467596871
0.6386911485876355
0.6359688086169106
0.6602558067866734
0.6412111180169242
0.6455414082322802
0.6415155913148608
0.6352570440088
0.6406282016209194
0.6458223973001752
0.6344607216971261
0.6344227961131504
0.6498826784746987
0.6286052720887321
0.6292524465492794
0.6365793560232434
0.6466268258435386
0.6496053295476096
0.6374023130961827
0.6482826045581273
0.6428550950118473
0.6482065575463432
0.641205221414566
0.6413693640913282
0.643974883215768
0.6443021893501282
0.647945340190615
0.6372559198311397
0.6376868741852897
0.64224659545081
0.6409500369003841
0.6482340225151607
0.6378098768847329
0.6355454070227486
0.6502353038106646
0.6412729791232518
0.6410033234528133
0.6410478864397321
0.6228280152593341
0.6423627010413578
0.6436016091278621
0.6458130862031665
0.645690496478762
0.6408438682556152
0.6292017613138471
0.6370869534356254
0.6351100334099361
0.6331030343260083
0.6326478208814349
0.6353544592857361
0.6518572654042926
0.634632272379739
0.667871492249625
0.6387368312903813
0.6546283193996975
0.6537711066859109
0.6314263556684766
0.6386686393192836
0.6327312460967472
0.640952582870211
0.6493825742176601
0.647444486618042
0.6441132937158857
0.6276528324399676
0.6502233232770648
0.651629558631352
0.6397333230291095
0.6332965408052716
0.6436173149517604
0.6411425045558384
0.6346505156585148
0.6434159534318107
0.6368222406932286
0.6328146031924656
0.6556852374758039
0.6383829499994006
0.6441803063665118
0.6420534764017377
0.642420083284378
0.6425636282988957
0.6397357668195452
0.65642791560718
0.6412292207990374
0.6397436772074018
0.6492688272680555
0.6484475987298148
0.6367953164236886
0.6378826328686306
0.6461896087442126
0.6393870413303375
0.6672355915818896
0.634546560900552
0.6453461647033691
0.6282610808100019
0.637902306658881
0.6407128572463989
0.6254546812602452
0.6492498517036438
0.6394281685352325
0.6403806975909642
0.6432820515973228
0.6422182193824223
0.625332943030766
0.6349411904811859
0.6425233781337738
0.6345922095435006
0.6378209463187626
0.6324628846985954
0.6519690709454673
0.6469810647623879
0.6363004275730678
0.6400822826794216
0.6326320597103664
0.6426256895065308
0.6462564808981759
0.6359603575297764
0.6525020599365234
0.6461918779781887
0.6323673810277667
0.647371768951416
0.6463954320975712
0.6365048033850533
0.6533857030527932
0.6392427555152348
0.6329054449285779
0.6475502465452466
0.6361094330038343
0.6428339779376984
0.6544352855001178
0.6319174681391034
0.6282283067703247
0.6442064642906189
0.6426718618188586
0.6431192117077964
0.6364888719149998
0.6365353848252978
0.6491393830095019
0.6490146517753601
0.6376067229679653
0.6413928355489459
0.6365788153239659
0.6388913691043854
0.6436670422554016
0.6387924466814313
0.6489796553339277
0.6422171677861895
0.6432785647256034
0.6433814167976379
0.6411275267601013
0.628015684229987
0.6382985327925
0.6675852196557182
0.6335821151733398
0.6478700169495174
0.6372786802904946
0.6581983395985195
0.6488693356513977
0.6518313075814929
0.6378523749964577
0.6509258661951337
0.6613434425422123
0.6358458655221122
0.64222566144807
0.6443327452455249
0.6446851789951324
0.6383231069360461
0.6431757935455867
0.6362819416182381
0.6344526154654366
0.6397539249488285
0.6344150858266013
0.6357491399560656
0.6396831486906324
0.6453006778444562
0.6464245617389679
0.6423217781952449
0.6431732858930316
0.6500740008694785
0.6584986831460681
0.6432543269225529
0.6413812552179609
0.6531037262507847
0.6384002268314362
0.6370852036135537
0.6445129939488002
0.6485207421439034
0.6452275514602661
0.6441606794084821
0.6513073827539172
0.6322672026497977
0.634197473526001
0.6458782042775836
0.6392816645758492
0.6437598041125706
0.6350171523434776
0.6339207163878849
0.6435899819646563
0.6302408192838941
0.6465671701090676
0.6342322868960244
0.6415918895176479
0.6459109655448368
0.6436945796012878
0.6369282730988094
0.6396598773343223
0.6518908057894025
0.6357367592198508
0.6395341115338462
0.6296351594584328
0.6399911599499839
0.6493281594344548
0.6370029492037637
0.6465200866971698
0.6413590397153582
0.6424827916281564
0.631796440907887
0.645406893321446
0.6390785702637264
0.6412038121904645
0.6394110449722835
0.6428027408463615
0.6525170121874128
0.6486059895583561
0.6416950225830078
0.6282515185219901
0.643164017370769
0.6385399656636375
0.634895886693682
0.6555118305342538
0.6437481216021946
0.6294169085366386
0.6480512831892286
0.6469695525509971
0.626965867621558
0.6463944230760846
0.6383914862360273
0.6537745594978333
0.6360985466412136
0.6409092417785099
0.6399542050702232
0.643816875559943
0.649789822953088
0.6376401654311589
0.6319112394537244
0.6476161905697414
0.6443915069103241
0.6289965552943093
0.6377211809158325
0.6464346051216125
0.635503249508994
0.6377364652497428
0.6452775767871312
0.6495138832501003
0.6394508310726711
0.6444173157215118
0.641131728887558
0.6368389257362911
0.6319926508835384
0.6384579070976802
0.6445626361029488
0.6476220275674548
0.647894412279129
0.6254431477614811
0.6475665356431689
0.6391467494624001
0.6296657281262534
0.6388066070420402
0.6456358347620282
0.6359270768506187
0.6410537702696664
0.6383420101233891
0.6281559126717704
0.6412248057978494
0.6307908296585083
0.6468436888286045
0.6357243657112122
0.6347374958651406
0.6346133989947182
0.637019429888044
0.6409850077969688
0.6544334377561297
0.6475016474723816
0.6323859989643097
0.6436102730887276
0.6363822264330727
0.6474360951355526
0.6334341423852103
0.6291032348360334
0.6351977799619947
0.6328446226460593
0.6418889250074115
0.6384914006505694
0.6362358842577253
0.6482832559517452
0.6402785011700222
0.646568238735199
0.650750207049506
0.6401245892047882
0.6415330469608307
0.6406017030988421
0.6410563673291888
0.6380196682044438
0.6393290971006665
0.6517202726432255
0.6309838593006134
0.6381620594433376
0.6486902024064746
0.6358782138143267
0.6447176081793649
0.6315270236560276
0.6499151928084237
0.6453701555728912
0.645796000957489
0.6316132715770176
0.649765133857727
0.6348199163164411
0.6332370851721082
0.647780533347811
0.6412748609270368
0.6445652459348951
0.6475077782358442
0.6424395101411002
0.6533039297376361
0.6375578684466225
0.637737342289516
0.6462224423885345
0.6394541646753039
0.6385092266968319
0.6456588932446071
0.6277989319392613
0.6477815168244498
0.6416125638144357
0.6320888442652566
0.6459688373974392
0.6366389521530696
0.6410319081374577
0.6424230124269213
0.630980840751103
0.6450913420745304
0.6362055540084839
0.6398920714855194
0.6444016184125628
0.6462028792926243
0.6548637023993901
0.63866468838283
0.6546213924884796
0.6352425387927464
0.6363011002540588
0.6286405750683376
0.6340647765568325
0.6487298820699964
0.6360155599457877
0.652165344783238
0.6362467195306506
0.648150133235114
0.6342235633305141
0.6359885632991791
0.6403412478310722
0.6333187435354505
0.620996390070234
0.6359921949250358
0.6424501921449389
0.6426102987357548
0.6527193486690521
0.6342945865222386
0.6537807370935168
0.650035057749067
0.6364415245396751
0.6390640309878758
0.6482023213590894
0.6467876902648381
0.6483264310019357
0.6364414691925049
0.6473971392427172
0.6512214541435242
0.6397645856652941
0.654611987727029
0.6502076600279126
0.6386208491665977
0.6461644853864398
0.6350880009787423
0.6421075803892953
0.6484516433307103
0.625275330884116
0.6403017342090607
0.6448341863495963
0.6428100509302956
0.631926817553384
0.6424527210848672
0.6512291090829032
0.6424192190170288
0.6548692456313542
0.6333302472318921
0.6516463373388562
0.6511701132569995
0.6400770800454276
0.6464626320770809
0.6294343173503876
0.6404309528214591
0.6509722343512944
0.6586716515677316
0.6483858185155051
0.6321669348648616
0.6521657279559544
0.6526115792138236
0.643171740429742
0.6463473098618644
0.6413343548774719
0.6427896278245109
0.6466456481388637
0.6386905014514923
0.6385467903954642
0.6381630642073495
0.64676120025771
0.6446287930011749
0.6439276465347835
0.6458799285548074
0.6400484187262399
0.6315095254353115
0.6516161135264805
0.6494798788002559
0.6385168348039899
0.6449399931090218
0.6464939841202327
0.6555156580039433
0.64015451499394
0.643242107970374
0.642720660993031
0.6428792689527784
0.6464521884918213
0.6500757081168038
0.6323537656239101
0.6473744979926518
0.6398127377033234
0.6414129691464561
0.6445258983543941
0.6280973468508039
0.6358536524432046
0.6441282629966736
0.6466725511210305
0.649054480450494
0.6420069336891174
0.6402597895690373
0.6424930734293801
0.6354656602655139
0.6563753485679626
0.6471042377608163
0.6462407452719552
0.6335132718086243
0.6604671435696738
0.6393360708441053
0.6423885013375964
0.6405723563262394
0.6465092514242444
0.635081810610635
0.6352324060031346
0.652838660137994
0.6354857555457524
0.6317276358604431
0.6304157674312592
0.6380836708205087
0.6473916811602456
0.639576039143971
0.6358804021562848
0.6288403272628784
0.639955861227853
0.6404236427375248
0.6384843375001635
0.6327727351869855
0.6287376625197274
0.6483851202896663
0.6463703044823238
0.644826991217477
0.6511497795581818
0.6467652704034533
0.6391902012484414
0.6490650432450431
0.6346195978777749
0.6457949110439846
0.6487786599567958
0.6362314096518925
0.6412640171391624
0.651384059871946
0.6307256051472255
0.6423245881284986
0.6387494802474976
0.6316162816115788
0.6430643626621791
0.6422221830912999
0.6397605878966195
0.6371586620807648
0.6594005567686898
0.6339498545442309
0.6413561616625104
0.6370662025042942
0.6292847692966461
0.6490621609347207
0.6462370668138776
0.6654772417885917
0.6326996811798641
0.6387882573263985
0.6395443379878998
0.6579547652176448
0.6512257541928973
0.6514792740345001
0.6385484295231956
0.6351100078650883
0.6432577882494245
0.6406254044600895
0.6429820954799652
0.6470138813768115
0.6453399956226349
0.6507910234587533
0.6410630089896066
0.6230860309941428
0.6557708212307521
0.6357283975396838
0.6586636304855347
0.6346636159079415
0.6323785781860352
0.6446838847228459
0.6382708634649005
0.6504408717155457
0.6500699860709054
0.6336038112640381
0.6348181068897247
0.6424245366028377
0.6335167927401406
0.6472449558121818
0.646758109331131
0.6290577820369175
0.6490432918071747
0.6348730197974614
0.6511902213096619
0.6387662759849003
0.6343788206577301
0.6379690723759788
0.6290741349969592
0.645606517791748
0.6466188303061894
0.6418625542095729
0.6357177410806928
0.6495975085667202
0.6419533618858883
0.6387835698468345
0.6406446823051998
0.6370587944984436
0.6320372564452035
0.659921965428761
0.6298191334520068
0.6355990724904197
0.6404347547463008
0.6214428203446525
0.6370735125882285
0.6386384878839765
0.6352945225579398
0.6535910069942474
0.6506374648639134
0.638243922165462
0.6423317023686
0.63760387471744
0.6363264620304108
0.6336789088589805
0.6374958370413099
0.6399782768317631
0.652366714818137
0.6367217472621373
0.6326232169355664
0.6453630924224854
0.6253559972558703
0.6334342062473297
0.6497333007199424
0.6595717923981803
0.6441543272563389
0.6285918440137591
0.6384742345128741
0.6312084708895002
0.6241607453141894
0.6506750285625458
0.631202757358551
0.6364589205810002
0.6369214228221348
0.6320889123848507
0.6307846222605024
0.6401708509240832
0.6567224860191345
0.6477073005267552
0.6461869861398425
0.6317912765911647
0.6339354259627206
0.6490383531366076
0.6335093464170184
0.640673645905086
0.6291524299553463
0.6494215471403939
0.6362454763480595
0.6428708348955426
0.6396370359829494
0.6415874830314091
0.6351375324385506
0.6505069604941777
0.6465239354542324
0.641784063407353
0.6370214053562709
0.653545469045639
0.6355951002665928
0.6459881791046688
0.6362235418387822
0.6494055475507464
0.6433943722929273
0.6460166488374982
0.6382109437670026
0.6462410986423492
0.6491000950336456
0.6338602815355573
0.6343913504055568
0.6380658788340432
0.630723387002945
0.6419032641819545
0.6361743722643171
0.6308017415659768
0.634787163564137
0.6318928812231336
0.6239464112690517
0.6429460261549268
0.6537986057145255
0.6422075756958553
0.6572542999471936
0.6359906324318477
0.646665517772947
0.644568817956107
0.6343834825924465
0.6300529880183083
0.6408848251615252
0.6464802409921374
0.6313060734953199
0.619681852204459
0.6489059329032898
0.6324907285826546
0.6543100944587162
0.6558329718453544
0.6234711408615112
0.6501542159489223
0.6450505810124534
0.6412637616906848
0.6367411017417908
0.6540814765862056
0.6486985172544207
0.6555258248533521
0.6265406480857304
0.6295530668326786
0.6372991502285004
0.6396653183868953
0.6348072758742741
0.6346907317638397
0.6320471167564392
0.6282295329230172
0.6426093280315399
0.64212338413511
0.6345543180193219
0.651534344468798
0.6489166361945016
0.6308087365967887
0.6369594548429761
0.6430901672158923
0.6433951088360378
0.6331362170832497
0.646955315555845
0.6371743891920362
0.6394064894744328
0.6530450241906303
0.6305226598467145
0.6297904253005981
0.6409329133374351
0.6362202933856419
0.6358835058552879
0.6459092199802399
0.6448673861367362
0.6402888510908399
0.6442872839314597
0.6270885637828282
0.6363766235964639
0.6397027543612889
0.6366677624838692
0.6440459787845612
0.6350786004747663
0.6315471529960632
0.635850088936942
0.6546791664191655
0.6357920723302024
0.6372368718896594
0.630649881703513
0.6419363234724317
0.6385925029005323
0.6363086444990975
0.6358015537261963
0.6348402713026319
0.6349106047834668
0.6267734297684261
0.6361227035522461
0.6368841741766248
0.6336056802953992
0.6517802562032428
0.6478108550821032
0.6316364109516144
0.6361886177744184
0.6425636879035405
0.6459414660930634
0.6460325249603817
0.6518158870083945
0.6490934022835323
0.6386503151484898
0.6402651923043388
0.6524126699992588
0.6483190740857806
0.6376627768789019
0.6448457666805812
0.6351809501647949
0.6440097859927586
0.637514237846647
0.6462994728769574
0.6340649553707668
0.6470391494887215
0.6419147253036499
0.6319703800337655
0.6220837533473969
0.6340194855417524
0.6519920485360282
0.64170703291893
0.6421139240264893
0.6373487285205296
0.6481030029909951
0.6460676576410022
0.640704265662602
0.6448584880147662
0.635572863476617
0.6463679202965328
0.6489067460809436
0.6499850835118975
0.6580834686756134
0.6326822170189449
0.6476251099790845
0.6490508615970612
0.6419249900749752
0.6399131715297699
0.6546984229769025
0.645011476108006
0.6320932252066476
0.6476410967963082
0.6449905506202153
0.6265663504600525
0.6438308869089399
0.6415861802441734
0.6339224066053119
0.6420723881040301
0.6419169477054051
0.6378698306424277
0.6409569765840258
0.6574951027120862
0.633867336171014
0.6477084755897522
0.6432596828256335
0.6526445405823844
0.6494004939283643
0.64032900759152
0.6463266696248736
0.638218458209719
0.6385542154312134
0.6493371980530875
0.6353727749415806
0.6289319140570504
0.6473597799028669
0.6417226110185895
0.6465492631707873
0.64799992953028
0.6403487835611615
0.6402442284992763
0.6374681166240147
0.6465125850268773
0.6444367723805564
0.6501145235129765
0.6245383151939937
0.64771597300257
0.6543204656669072
0.6383247588362012
0.6407602897712162
0.6487616513456617
0.6405521971838815
0.6387053642954145
0.6494443203721728
0.6374863088130951
0.6355318639959607
0.6273817718029022
0.6364570260047913
0.6359171101025173
0.6538436157362801
0.6408084375517709
0.6386320080075946
0.6418752542563847
0.6387723173413958
0.6368834589208875
0.6456071649278913
0.6375840944903237
0.6350967926638467
0.6454743359770093
0.6326603463717869
0.6440653843539101
0.6361490104879651
0.6439374514988491
0.6512360828263419
0.6457046781267438
0.6398337696279798
0.6620224756853921
0.6319599790232522
0.6595941526549203
0.6504909225872585
0.6359829349177224
0.6445693373680115
0.6310377631868634
0.6451059452125004
0.638143641608102
0.6560405365058354
0.6353983879089355
0.6503126280648368
0.6463953469480787
0.6427742115088871
0.6450653289045606
0.6350530087947845
0.6431167423725128
0.6311130225658417
0.6566149379525866
0.6394637141908918
0.6456232752118792
0.6393277985709054
0.6442894850458417
0.6420127281120845
0.6381847134658268
0.6473954617977142
0.643958010843822
0.6395170135157449
0.6440099350043705
0.650243661233357
0.6368100941181183
0.6333023054259164
0.6427712270191738
0.6398416331836155
0.6291205329554421
0.6335263124534062
0.6364472763878959
0.6657856575080326
0.6347259538514274
0.6388107453073774
0.6401633833135877
0.6411077422755105
0.6444331066949027
0.6341297796794346
0.6573766597679683
0.6409024213041578
0.6354741454124451
0.6321270423276084
0.6342633068561554
0.6403552293777466
0.6345804759434291
0.6431143113545009
0.6465936728886196
0.642269858292171
0.6463235318660736
0.6325224552835736
0.6473844860281263
0.6467453965118953
0.6460913377148765
0.6420978392873492
0.6475583953516824
0.6397720617907388
0.6310850807598659
0.6360383800097874
0.6426575269017901
0.6414979142802102
0.6434214242867061
0.6298382409981319
0.6483098481382642
0.64918800336974
0.6414222759859902
0.645548186131886
0.6394921285765511
0.6290964441640037
0.6417652198246547
0.6360331731183189
0.6412912820066724
0.6355993619986943
0.6503012010029384
0.6508215921265739
0.6312794770513263
0.6295689344406128
0.6473527252674103
0.6336415793214526
0.6365044500146594
0.6383864453860691
0.6433849206992558
0.6365428268909454
0.6477908406938825
0.6441471023218972
0.6412482644830432
0.636787303856441
0.6370871535369328
0.6461284671510968
0.6490566858223507
0.6362421597753253
0.6474503193582807
0.6408089527062008
0.6447730362415314
0.6476570112364632
0.6341597267559597
0.6459635964461735
0.6288568803242275
0.6414676138332912
0.6491115476403918
0.6340456094060626
0.638432251555579
0.650667701448713
0.6407121207032885
0.6537773736885616
0.6381642392703465
0.6438203454017639
0.6424752431256431
0.6381478437355587
0.643601621900286
0.6465773412159511
0.6663724992956434
0.6430352074759347
0.634604390178408
0.6333568564483097
0.6390946848051888
0.6349113881587982
0.6339884740965707
0.6388221170221057
0.6489359566143581
0.6414424393858228
0.6335452241556985
0.6466431830610547
0.6244240786348071
0.6425844516072955
0.645099720784596
0.652133413723537
0.6500265513147626
0.6607891193458012
0.633664037500109
0.6390131669385093
0.637368266071592
0.6358956822327205
0.6485021540096828
0.6403333927903857
0.6386423323835645
0.6390256626265389
0.62985246522086
0.6286307317870004
0.6541626410824912
0.6366755834647587
0.6400236998285566
0.6533231692654746
0.6450283867972237
0.6415201595851353
0.6429542856557029
0.6435440608433315
0.6457963969026294
0.6437453925609589
0.6357340088912419
0.636874829019819
0.6341697020190102
0.6408845399107251
0.6408060661384037
0.6370402319090707
0.639022443975721
0.6370344758033752
0.656762421131134
0.6592930087021419
0.6332238359110696
0.6339890318257468
0.6463969818183354
0.6211035592215401
0.6445777033056531
0.637893055166517
0.6394556931086949
0.6544944516250065
0.6418392147336688
0.6426376444952828
0.6546736742768969
0.6334054725510734
0.6286903619766235
0.6453559441225869
0.6398409903049469
0.6288737058639526
0.6395835748740605
0.6398151814937592
0.631528011390141
0.6429948168141502
0.6429460389273507
0.645212037222726
0.6541308036872319
0.6331605272633689
0.6304462552070618
0.6431399413517543
0.6487559250422886
0.6383410521915981
0.6596549451351166
0.6307028489453452
0.6407094640391213
0.6502958706447056
0.6484790103776115
0.6417498886585236
0.6622485305581775
0.6297371174607959
0.6350684293678829
0.6412851086684636
0.6287443552698407
0.6513901991503579
0.6441919718469892
0.6328911440713065
0.6337233994688306
0.635282610143934
0.6445351711341313
0.6444145057882581
0.6450025268963405
0.6368387341499329
0.6433815147195544
0.6384294203349522
0.6422378420829773
0.6449766371931348
0.6399452941758292
0.6446149136338916
0.6348000935145787
0.6304292636258262
0.6281704264027732
0.613104909658432
0.6341785320213863
0.645750173500606
0.6445659952504295
0.6439506879874638
0.644882185118539
0.649971821478435
0.6516366175242833
0.6373176234109061
0.6301992194993156
0.6402911288397652
0.6506009697914124
0.6332191569464547
0.6471788968358722
0.6495462826320103
0.6370741682393211
0.6464256303650993
0.6459568228040423
0.6374168012823377
0.6394831027303424
0.6371581682137081
0.6419335901737213
0.638704172202519
0.6476581820419857
0.6353195820535932
0.6316335371562413
0.6436834973948342
0.6456220192568642
0.6426059646265847
0.6419357189110347
0.6421035996505192
0.658191612788609
0.640102961233684
0.6344648557049888
0.6437096723488399
0.6390984015805381
0.6370957323483059
0.6444305309227535
0.6382638428892408
0.6473833833421979
0.6323222305093493
0.6306575834751129
0.6329133978911808
0.6404656725270408
0.6461176659379687
0.635853431054524
0.6528271777289254
0.6420908101967403
0.6267430782318115
0.6331992064203534
0.6519464084080288
0.6483179160526821
0.6308845707348415
0.6391074274267469
0.6433233746460506
0.6397442775113242
0.6474045131887708
0.6489934878689902
0.6425476031644004
0.6458619024072375
0.6305346063205174
0.6405400293213981
0.6392750782626015
0.6301263953958239
0.6466166462217059
0.6456346895013537
0.6380161728177752
0.643280816929681
0.6423133739403316
0.6351786042962756
0.6378936469554901
0.6416498422622681
0.6377921743052346
0.6309358903339931
0.6377218791416713
0.6380071810313633
0.6373709184782845
0.6399479125227246
0.6322028040885925
0.6400200767176492
0.6494295384202685
0.6414266526699066
0.6461090402943748
0.6361591730798993
0.6429249772003719
0.6331120133399963
0.6392945519515446
0.6399307719298771
0.6465812751225063
0.6438967968736377
0.6419526210853032
0.6355790368148259
0.633111834526062
0.6571862953049796
0.6427582502365112
0.6475573352405003
0.6460275309426444
0.6390158576624734
0.6375069660799844
0.6519929383482251
0.6408290181841169
0.6470532119274139
0.6403806252138955
0.6326625304562705
0.6382995205266135
0.6301764590399606
0.6268571742943355
0.6515016598360879
0.639869213104248
0.6462492176464626
0.6414144720349994
0.6582698183400291
0.6375968754291534
0.6460197695663997
0.6468320148331779
0.6446647686617715
0.6240285081522805
0.6280868436608996
0.6350918327059064
0.6309161569390979
0.6432930784566062
0.6512567911829267
0.65138498374394
0.6474294194153377
0.6477556654385158
0.6384256482124329
0.6507370812552316
0.6279369252068656
0.6522651868207114
0.6469901204109192
0.6339977511337825
0.639062055519649
0.6443085585321698
0.6293469028813499
0.6401567586830684
0.6464060842990875
0.6355863554137093
0.6424622961453029
0.6529112926551274
0.6581911614962986
0.6403085163661412
0.6481797737734658
0.6532402804919651
0.6450462000710624
0.6387335019452232
0.6408358982631138
0.6610302584511893
0.6575595353330884
0.6377691498824528
0.6350357617650714
0.6510683681283679
0.6477831261498588
0.6305992773600987
0.6290621842656817
0.6432058002267566
0.6345883011817932
0.6331762458596911
0.6314392771039691
0.6454376110008785
0.6467535964080265
0.6503938138484955
0.6413916051387787
0.6537852542740958
0.6360546052455902
0.6484604733330863
0.6377774902752468
0.6490558513573238
0.6358140366418021
0.651798026902335
0.6638029515743256
0.6485769620963505
0.6549998819828033
0.6485734283924103
0.6353628209659031
0.6338385088103158
0.6444616786071232
0.6352989716189248
0.6306802715573993
0.6302374941962106
0.6385465051446643
0.6376972964831761
0.6476174294948578
0.6403971016407013
0.6426534482410976
0.6402515896729061
0.6448064957346235
0.6433391485895429
0.6365985827786582
0.6403947387422834
0.6373082271644047
0.6488524334771293
0.650883138179779
0.6395930690424783
0.6315010062285832
0.6357429155281612
0.6478843901838575
0.6425965939249311
0.634715450661523
0.638171740940639
0.6269154335771289
0.6376200360911233
0.6378317432744163
0.6354125652994428
0.6393568686076573
0.6486909772668566
0.6422096788883209
0.6422770065920693
0.6499151332037789
0.6405147995267596
0.6282575002738408
0.6332310949053083
0.6458102549825396
0.6485640151160104
0.6510158692087445
0.6350084074905941
0.6325031646660396
0.6342617443629673
0.629164627620152
0.6316204581941877
0.6462900851454053
0.6473477695669446
0.6355295862470355
0.6457621327468327
0.6259793766907283
0.6352569035121373
0.6467159943921226
0.6418035285813468
0.6407966528620038
0.6454069571835654
0.6369126864842006
0.6470452759947095
0.6486687958240509
0.6451694411890847
0.6351306097848075
0.6357084384986332
0.6362155505589077
0.6551672901426043
0.626214052949633
0.6382173427513668
0.6364643999508449
0.647815614938736
0.6396201082638332
0.6422893149512154
0.6365619472094944
0.6482697554997036
0.6454415449074337
0.6409877751554761
0.6273536682128906
0.6554273877825055
0.6586015096732548
0.6362145585673196
0.6467084629195077
0.6469257388796125
0.6636955227170672
0.6393896767071315
0.6298955125468118
0.63694914323943
0.6405151103224073
0.6386973687580654
0.6284463916506086
0.63690704533032
0.6313751893384116
0.6296411539827075
0.6514800914696285
0.6351649590900966
0.6399700045585632
0.6441247378076825
0.631403352533068
0.6437280688967023
0.6461323499679565
0.6452701772962298
0.6362541360514504
0.6418831305844444
0.6550274235861642
0.6429248835359301
0.6277535728045872
0.6369213249002185
0.6392429683889661
0.6404301864760262
0.6324591423783984
0.6478498748370579
0.6404001031603131
0.6459098543439593
0.6396965554782322
0.6359314705644336
0.6331669858523777
0.6437121459415981
0.6575342501912799
0.6214417474610465
0.6413641401699611
0.6462753883429936
0.6380720947469983
0.6335347890853882
0.6484238718237195
0.6310916670731136
0.646936012165887
0.6390241937977927
0.6475363288606916
0.6417790651321411
0.6435654035636357
0.6455868440014976
0.6406622656754085
0.6477652277265277
0.6553415187767574
0.6414818337985447
0.6453441551753453
0.6409501348223005
0.6461167931556702
0.6410150698253086
0.6444166217531476
0.6418435445853642
0.6502302544457572
0.6487870940140316
0.6354589079107557
0.6331765225955418
0.6436794059617179
0.6418473465102059
0.6459228353840964
0.6446590338434491
0.6455286358083997
0.6587767771312169
0.6354882717132568
0.6411768070289067
0.6273737932954516
0.640987115246909
0.6495066753455571
0.6415683243955884
0.6227346062660217
0.6433380459036145
0.630465886422566
0.6411768070289067
0.6335758652005877
0.6327125941004071
0.6462600358894893
0.6424805479390281
0.6528630469526563
0.6415799387863704
0.6428320535591671
0.6335975570338113
0.6520412862300873
0.6539533138275146
0.6369865621839251
0.6377217727048057
0.6363000997475216
0.6418396617685046
0.6332102971417564
0.6581433415412903
0.6276509421212333
0.6378649090017591
0.6391225159168243
0.6420721667153495
0.6533923489706857
0.6605824104377201
0.6379576623439789
0.6392816688333239
0.6435248596327645
0.6421000063419342
0.6377889811992645
0.6382668486663273
0.6426522050585065
0.6457713033471789
0.6495464231286731
0.6526003139359611
0.6369291416236332
0.6468724650996072
0.6369983979633876
0.6535465248993465
0.6350974142551422
0.6421969277518136
0.6270096302032471
0.6506843311446053
0.6315603767122541
0.6308674003396716
0.6355741492339543
0.628553956747055
0.6444282531738281
0.634205447775977
0.6400445316519056
0.635146256004061
0.6306911025728498
0.6491556806223733
0.6350728954587664
0.6290521366255624
0.647029059273856
0.6419999727181026
0.6423234641551971
0.6529310771397182
0.632149087531226
0.6534963250160217
0.652534578527723
0.6621284868035998
0.6359300187655857
0.6478488104684013
0.6390628048351833
0.6508088622774396
0.6465413400105068
0.6363953692572457
0.6370953619480133
0.6544961929321289
0.6296490686280387
0.6314873439925057
0.6343686325209481
0.6545925395829337
0.6420007688658578
0.6242902534348624
0.642362505197525
0.6324211529323033
0.6415375982012067
0.6385610359055656
0.6366074894155774
0.6434581662927356
0.644047715834209
0.6463250986167363
0.6321435698441097
0.6564055212906429
0.6609428312097277
0.6502587795257568
0.6398808104651315
0.6312795451709202
0.6607486435345241
0.6478129965918404
0.6354939384119851
0.6428794051919665
0.6436064200741904
0.6421897666794913
0.6322264756475177
0.6567827676023755
0.6279507492269788
0.6409241897719247
0.6457507695470538
0.6353888171059745
0.643719379390989
0.6485537673745837
0.6445681367601667
0.658089177949088
0.6451007000037602
0.6487912578242165
0.6428678333759308
0.6370824362550463
0.6349627077579498
0.6404159963130951
0.6363876163959503
0.6428124989782061
0.6442497287477765
0.6376476756164006
0.6369748967034476
0.6509201739515577
0.6423251501151493
0.6331654063292912
0.6471519427640098
0.6350349017551967
0.653495728969574
0.6474903523921967
0.6342900565692356
0.6506179656301226
0.6386548749038151
0.6522433928080967
0.6356167069503239
0.6304245718887874
0.6384487620421818
0.6412435897759029
0.6358823903969356
0.6402029480252948
0.6470041828496116
0.6364193941865649
0.6288278443472726
0.6463580259255001
0.6370891460350582
0.6543102179254804
0.6449575211320605
0.640643047434943
0.6324517173426492
0.6428974100521633
0.6266301785196576
0.6514575694288526
0.6537478395870754
0.645211935043335
0.6324962462697711
0.6392939388751984
0.6522715474878039
0.6390508030142102
0.6394905618258885
0.629264018365315
0.653174774987357
0.6449374258518219
0.6404523551464081
0.6330731000219073
0.6546507222311837
0.6461977660655975
0.6434607931545803
0.6505961290427617
0.6505258423941476
0.6376419578279767
0.6385851417269025
0.6346701255866459
0.6299777967589242
0.6364053360053471
0.6326708112444196
0.6396622913224357
0.6410413810185024
0.6499672744955335
0.6592630062784467
0.6501880586147308
0.6541859124388013
0.6482981656278882
0.650739597422736
0.6202515874590192
0.6591677495411464
0.6544653986181531
0.6323009473936898
0.6374803355761937
0.6443230126585279
0.6659198445933205
0.6433127522468567
0.6375913875443595
0.658514393227441
0.6319075737680707
0.6487024639333997
0.6385395314012255
0.6570508224623544
0.6447520766939435
0.6332027358668191
0.6427543205874306
0.6501613301890237
0.6395310716969627
0.6481851509639195
0.638792851141521
0.6529931766646249
0.6360521359103066
0.6431824394634792
0.6459907719067165
0.631787725857326
0.6414311485631126
0.6417479983397892
0.6371334493160248
0.6468757007803235
0.6368985772132874
0.6335412774767194
0.6342494147164481
0.6487870386668614
0.6440298216683524
0.6414191893168858
0.6326758904116494
0.6459950293813433
0.6465343024049487
0.6403535732201168
0.6382838147027152
0.6548357946532113
0.6446550147874015
0.6307168219770704
0.6498903121267047
0.6404170223644802
0.6575792857578823
0.6419239555086408
0.6407806404999324
0.6532335834843772
0.6274637537343162
0.6398949793406895
0.6451967869486127
0.6402999034949711
0.6687734127044678
0.63176315171378
0.6395979608808245
0.6444127985409328
0.6362680665084294
0.644403121301106
0.6304424234798977
0.6495304277965
0.6439993636948722
0.6411950588226318
0.6436232541288648
0.6513396416391645
0.6427502334117889
0.6347927749156952
0.6435141052518573
0.6423567533493042
0.6437796865190778
0.646647151027407
0.6389496454170772
0.6465107670852116
0.639887056180409
0.6516064022268567
0.6410463963236127
0.6494680089609963
0.647594119821276
0.6359369584492275
0.6359745178903852
0.6473306672913688
0.6383168910230909
0.6440130855355944
0.645354402916772
0.6439052053860256
0.6476866092000689
0.6386700740882328
0.6496066749095917
0.6525061300822667
0.6254187524318695
0.6625752065862928
0.6528069036347526
0.6424193169389453
0.6541220205170768
0.6386016990457263
0.6488540683473859
0.6375641865389687
0.6390801881040845
0.6315220935004098
0.6403462929385049
0.6368229048592704
0.6458150787012917
0.6331596033913749
0.6354737664972033
0.6400703958102635
0.635700809104102
0.6456290866647448
0.6290361370359149
0.6366696187428066
0.6403244946684156
0.6475836336612701
0.6522126197814941
0.6286301187106541
0.6437922375542777
0.6357535932745252
0.6504963168076107
0.6284854326929364
0.6374296844005585
0.6467280600752149
0.630188205412456
0.6390304011957986
0.6296853806291308
0.6489176026412419
0.6388258167675563
0.6373271303517478
0.6471653921263558
0.6514626783984048
0.6400194295815059
0.6473891564777919
0.6327087751456669
0.6429681181907654
0.6470378083842141
0.6540080564362662
0.6357597708702087
0.6310754546097347
0.633338349206107
0.6393167717116219
0.6520254824842725
0.6536595055035183
0.6433163157531193
0.6339962695326123
0.6290160673005241
0.6546713582106999
0.6394422011716026
0.6463781722954342
0.6407406500407627
0.6511867131505694
0.6390972265175411
0.6451133489608765
0.6271211802959442
0.6542670897075108
0.6437005613531385
0.6426010813031878
0.6386781590325492
0.6473483698708671
0.6449599649224963
0.6314178832939693
0.6512141823768616
0.642848287309919
0.6404491364955902
0.6445958997522082
0.6362482224191938
0.6465129511696952
0.6526680290699005
0.6626569032669067
0.6280140451022557
0.650994965008327
0.656898958342416
0.6477060658591134
0.634159437247685
0.6345149832112449
0.6464155954974038
0.6442161670752934
0.6341438336031777
0.6322329470089504
0.6522182439054761
0.6520412862300873
0.6353270581790379
0.644491583108902
0.6297501155308315
0.6466243309634072
0.6479021438530513
0.6474760387625013
0.6428566702774593
0.6336339073521751
0.6383280072893415
0.642296986920493
0.6596418746880123
0.6514906116894313
0.635581944669996
0.6312337645462581
0.6455396967274802
0.6556140780448914
0.6386188864707947
0.6532783039978572
0.6393969271864209
0.643347041947501
0.6423686231885638
0.6244363571916308
0.6432073073727744
0.6431485116481781
0.6434856057167053
0.6513285636901855
0.6220474754061017
0.6335885397025517
0.6452440619468689
0.6322984397411346
0.6260986030101776
0.6517181864806584
0.6384045311382839
0.6325176911694663
0.6453004351684025
0.6384432571274894
0.6404043393475669
0.6512109168938228
0.6383201054164341
0.6412113904953003
0.6438251861504146
0.6397299553666796
0.6615545196192605
0.6579468974045345
0.6406918551240649
0.6465505063533783
0.6277908725397927
0.6343392772333962
0.6484279973166329
0.6452676015240806
0.6414504264082227
0.6469845048018864
0.6484636408942086
0.63944011926651
0.6405528358050755
0.6380196171147483
0.6437692088740212
0.6308606139251164
0.6434716710022518
0.6424469138894763
0.6400886986936841
0.6452483279364449
0.6509159207344055
0.6449257944311414
0.6253255903720856
0.6311444299561637
0.6518904737063816
0.6319115076746259
0.6433114835194179
0.6384056891713824
0.6402784032481057
0.6338633724621364
0.641979992389679
0.6432176104613713
0.6384896465710231
0.6409272253513336
0.6348645005907331
0.6509485925946917
0.6323827334812709
0.6313894220760891
0.6317914426326752
0.640886379139764
0.6517556267125266
0.6432730896132333
0.6468397166047778
0.6387879848480225
0.6224257690565926
0.6365969606808254
0.6397579567773002
0.659113905259541
0.6487557419708797
0.6469074530260903
0.6386245701994214
0.6398630142211914
0.6520732300622123
0.6481497074876513
0.654921897820064
0.6546240661825452
0.6553186305931636
0.6460916314806256
0.6283070189612252
0.6332445059503827
0.6445165361676898
0.6376756429672241
0.6523203253746033
0.6439938800675529
0.63666113785335
0.6422515341213771
0.6295160268034253
0.6462594015257699
0.6370562272412437
0.6401511601039341
0.6396532441888537
0.6376634665897915
0.6337064121450696
0.6307755070073264
0.6368141302040645
0.6392513343266079
0.6350276938506535
0.6456209932054792
0.6434495193617684
0.6398044994899205
0.6485517365591866
0.644534170627594
0.6273479461669922
0.6426153353282383
0.6448876900332314
0.6364707904202598
0.6475971255983625
0.6460259514195579
0.6381434372493199
0.6573059984615871
0.6382435773100171
0.6502071619033813
0.6526252414499011
0.6332790894167764
0.6536289623805455
0.6401507684162685
0.6423803610461098
0.6412159630230495
0.641284099646977
0.6417190943445478
0.6343559111867633
0.6383083845887866
0.6383900216647557
0.6276980340480804
0.6415537510599408
0.6354577158178601
0.6397041039807456
0.6314623824187687
0.629558652639389
0.6389782130718231
0.6639580982072013
0.6454107591084072
0.6431420828614917
0.6450087087494987
0.6495358986513955
0.6430243125983647
0.6288111976214817
0.6426833910601479
0.6257844056401934
0.6342841471944537
0.6521539602960859
0.6454123386314937
0.6418175441878182
0.6513200444834573
0.6408712863922119
0.6310482152870723
0.6496562532016209
0.6451547656740461
0.6555940892015185
0.6334672272205353
0.6559173464775085
0.6438583518777575
0.6472409835883549
0.6389689488070351
0.6427751651832035
0.6438871920108795
0.6566471116883414
0.6584075561591557
0.6477419478552682
0.6378947155816215
0.643966772726604
0.6409278171403068
0.6434289940765926
0.6406873379434858
0.6203637335981641
0.64152877671378
0.6460950161729541
0.6404075707708087
0.6527409510953086
0.6372371656554086
0.6300285160541534
0.6345402428082058
0.6316690019198826
0.6532218669142041
0.6375735785279956
0.6369884354727608
0.631956160068512
0.6449705702917916
0.6373628888811383
0.6482828642640796
0.6579691512244088
0.6437529964106423
0.6481136679649353
0.6484135559626988
0.6353149967534202
0.6509614416531154
0.6498340879167829
0.6573403137070792
0.6333680025168827
0.6357822588511876
0.6352648735046387
0.642777178968702
0.6353779179709298
0.640142057623182
0.6337364358561379
0.6465948181492942
0.6468386948108673
0.6363177810396466
0.6469208385263171
0.6492565827710288
0.6394415072032383
0.6322411256177085
0.6427958948271615
0.6381913295813969
0.6516389633928027
0.6464942353112357
0.6331091438020978
0.6366666896002633
0.6571295857429504
0.6298752725124359
0.6320005655288696
0.6396798150879996
0.6410093648093087
0.6385529509612492
0.6371139883995056
0.6514150670596531
0.6346306758267539
0.6512416728905269
0.646376120192664
0.6302664790834699
0.6583736326013293
0.6501351978097644
0.6400343605450222
0.6518605777195522
0.6439457322869983
0.6367245827402387
0.6381449231079647
0.6337775545460838
0.6374260825770242
0.6409884733813149
0.64580066714968
0.6522024997643062
0.6398478746414185
0.640843893800463
0.6484221262591225
0.6439703404903412
0.6379636909280505
0.6293441993849618
0.6376264776502337
0.6613371627671378
0.646546755518232
0.6476694047451019
0.63313370517322
0.635292534317289
0.6434336943285806
0.6383291525500161
0.6460135493959699
0.6346277637141091
0.6420581723962512
0.6343057538781848
0.6348199929509845
0.636878273316792
0.655976584979466
0.6401164446558271
0.6421792847769601
0.6404550543853215
0.6394168564251491
0.6471953562327794
0.6325342570032392
0.6490813195705414
0.6444938693727765
0.6511968842574528
0.6525279070649829
0.6357201976435525
0.6330935231276921
0.6435948780604771
0.6405476076262338
0.6454177285943713
0.6405580639839172
0.6305453777313232
0.649389066866466
0.6408257484436035
0.6364747285842896
0.6381628853934151
0.650124055998666
0.6252189661775317
0.6514198226588113
0.6502538067953927
0.6410251728125981
0.6522745660373143
0.6397219938891274
0.650340518781117
0.6470772240843091
0.6535455158778599
0.6405839323997498
0.6358089872768947
0.6503232632364545
0.6534611753055027
0.6392096536500114
0.6489425642149789
0.6336981398718697
0.6430915977273669
0.6336355762822288
0.6443863127912793
0.6498837896755764
0.6492772102355957
0.6538411038262504
0.6437889380114419
0.6401471027306148
0.6355316809245518
0.6547610674585614
0.6491837246077401
0.632330379315785
0.6378173104354313
0.6437652323927198
0.6402327801500048
0.6479693353176117
0.6265455101217542
0.6525888741016388
0.6510219275951385
0.6487191915512085
0.6496846548148564
0.64299447621618
0.6430101139204842
0.6426742672920227
0.6585500453199659
0.6347625170435224
0.6451394259929657
0.6487023745264325
0.6501742388520922
0.6502144890172141
0.633818975516728
0.6486758078847613
0.6447088462965829
0.6507903933525085
0.6327046411378043
0.6476665096623557
0.6411771518843514
0.647822094815118
0.6426302364894322
0.6477553716727665
0.6459615486008781
0.6385240852832794
0.6413368582725525
0.6406969598361424
0.6419477931090763
0.6482940869671958
0.6415458534445081
0.6507525742053986
0.6466335739408221
0.6371553284781319
0.6359625373567853
0.6412517130374908
0.6522012310368674
0.6358053811958858
0.6524579695292881
0.6407784947327205
0.6341278680733272
0.6546050437859127
0.6392138089452472
0.6415789765971047
0.6387159143175397
0.6283085431371417
0.6555675864219666
0.6315457309995379
0.6351719413484845
0.6415525249072483
0.6398524386542184
0.6418784473623548
0.6375571915081569
0.6385868319443294
0.6478933010782514
0.6387854899678912
0.634872670684542
0.6353030843394143
0.6358746545655387
0.6369517828736987
0.642308235168457
0.6493299177714756
0.6556575979505267
0.6336529212338584
0.6390464178153447
0.6441937046391624
0.6520450285502842
0.6530328478131976
0.6523088003907885
0.6399470269680023
0.6427675698484693
0.6504142880439758
0.6544475172247205
0.621917120047978
0.6374258995056152
0.6503742592675346
0.6492444958005633
0.6272514717919486
0.6430522458893912
0.6350630564349038
0.639743800674166
0.6612121675695691
0.6483391523361206
0.6323670489447457
0.646083665745599
0.6399432761328561
0.6670777329376766
0.6498707021985736
0.6358078292437962
0.6346421922956195
0.6479236824171883
0.6476641467639378
0.641204412494387
0.6475155098097665
0.643384405544826
0.6459887410913195
0.6349013362612043
0.6367241016456059
0.6463975736073085
0.6366357249873025
0.6440473411764417
0.636289622102465
0.650207153388432
0.6339860047612872
0.6415793384824481
0.66920377101217
0.6311916794095721
0.6507513863699776
0.6381264158657619
0.6433596227850232
0.6304791654859271
0.6440724304744175
0.6388093105384282
0.6412528625556401
0.6371802772794452
0.6382232648985726
0.6412665673664638
0.6460357180663517
0.6417225556714194
0.6443125052111489
0.6481455649648394
0.6412504187652043
0.6350180208683014
0.6420515562806811
0.6478030128138406
0.6709548149790082
0.6242501735687256
0.6461692920752934
0.6269378364086151
0.6494689115456173
0.645502507686615
0.6414123816149575
0.6365002606596265
0.6453863424914223
0.6329922165189471
0.6406646158014025
0.6371396439416068
0.6491906642913818
0.6298382537705558
0.6658525126320975
0.6479746145861489
0.6337480204445975
0.6342472519193377
0.635478002684457
0.6550619048731667
0.6474717344556536
0.6480363224233899
0.6249378834451947
0.6420138052531651
0.636271208524704
0.6282991681780133
0.64329480273383
0.66302547284535
0.6298973986080715
0.6647776322705405
0.6407077993665423
0.6507145634719304
0.6292285280568259
0.6320682678903852
0.631978017943246
0.6425226756504604
0.6420334236962455
0.659125532422747
0.6459911465644836
0.6441951096057892
0.6471892126968929
0.6416151864188058
0.6531065446989877
0.6438185104301998
0.6442849380629403
0.6398190302508218
0.646869923387255
0.63421744959695
0.6615768074989319
0.6372678194727216
0.6452086014407021
0.6589498349598476
0.6492550075054169
0.633362604039056
0.6550074390002659
0.6401791572570801
0.6411732137203217
0.6308966364179339
0.647113676582064
0.6506380268505642
0.6575920411518642
0.6399787706988198
0.6463899484702519
0.6399998239108494
0.6263796474252429
0.647486320563725
0.6374678952353341
0.6474361334528241
0.6449295495237622
0.6416076932634626
0.6430629066058567
0.6323482862540654
0.6473042411463601
0.6344465443066188
0.6413565490927015
0.6516790475164141
0.6426139984812055
0.6478794046810695
0.6384141572884151
0.6423507758549282
0.6393538202558245
0.6289700184549604
0.6374120797429766
0.6417780433382306
0.639558664390019
0.6371539533138275
0.6178962588310242
0.6338494760649545
0.6367425237383161
0.6409700683185032
0.6429301202297211
0.6378310748508998
0.6390576873506818
0.6435785634177071
0.646826616355351
0.6526604337351662
0.6472834604127067
0.646114924124309
0.6445350732122149
0.6475801084722791
0.63466534444264
0.6338852388518197
0.6324190412248883
0.6419474950858525
0.6396251022815704
0.6432788712637765
0.6366691972528186
0.6440230480262211
0.6522779379572187
0.6458005011081696
0.6212034949234554
0.6363006617341723
0.6332856714725494
0.6542155487196786
0.6482366876942771
0.6462206755365644
0.6400696081774575
0.6457611620426178
0.6371814097676959
0.6590036920138768
0.6413817874022892
0.6481691300868988
0.644741816180093
0.6530795991420746
0.6458418582166944
0.6406886109283992
0.6504140496253967
0.6408017873764038
0.6352091772215707
0.6468743596758161
0.6284342323030744
0.6496698771204267
0.6317847158227649
0.6339927230562482
0.6391615143844059
0.6423169800213405
0.6298105844429561
0.6453152937548501
0.6451434705938611
0.631934289421354
0.6619731911591121
0.6332753130367824
0.638220625264304
0.644713261297771
0.6494623805795398
0.644534523997988
0.6483227057116372
0.6526117111955371
0.6303421301501138
0.6442456841468811
0.6552325870309558
0.64006450346538
0.6399795711040497
0.6499069375651223
0.6454476416110992
0.6292598417827061
0.6518370807170868
0.6335489324160984
0.6234834279332843
0.6526140017168862
0.6436428129673004
0.6350040180342538
0.6479015478066036
0.6491026452609471
0.6350477295262473
0.6464223393372127
0.6433402385030474
0.6303201786109379
0.6468603951590401
0.6378005913325718
0.656318758215223
0.66106978058815
0.6585386225155422
0.660859329359872
0.6388745307922363
0.6422313068594251
0.6358729941504342
0.6406660463128772
0.6416911567960467
0.6555157474109105
0.6425412680421557
0.6300311301435743
0.634050441639764
0.6486563810280391
0.636803537607193
0.6451382509299687
0.6365771251065391
0.6365086649145398
0.636969621692385
0.6391417043549674
0.6370839987482343
0.6379135251045227
0.6430048559393201
0.6257585457393101
0.63688382932118
0.6490380806582314
0.6478455024106162
0.6417620267186847
0.6418999816690173
0.6400607483727592
0.6339700307164874
0.6376669194017138
0.6482789388724736
0.6271472828728812
0.6244204980986459
0.6368089190551213
0.6296707562037877
0.6498779271330152
0.6422482260635921
0.6363905625683921
0.6287877133914402
0.6444107506956372
0.6233305973666055
0.6459612207753318
0.6434012225696019
0.6512709302561623
0.6450441351958683
0.6300073947225299
0.630052775144577
0.6443373348031726
0.6379558571747371
0.6470102667808533
0.6642193283353534
0.6466196605137416
0.6471141193594251
0.6239385264260429
0.6374247031552451
0.6473854865346637
0.6444158213479179
0.6391859906060355
0.6321811974048615
0.6406460446970803
0.6459515009607587
0.6389823087624141
0.633800174508776
0.6247503161430359
0.6447337865829468
0.6455326633793967
0.6367748635155814
0.6370025490011487
0.635900616645813
0.6480457186698914
0.6503985098430088
0.6322193912097386
0.6453118281705039
0.6543801001140049
0.6490202758993421
0.6348297638552529
0.6415880961077554
0.6600326555115836
0.6331087393420083
0.648058567728315
0.6406636025224414
0.645142355135509
0.6548026544707162
0.648958580834525
0.6282620770590646
0.6267811570848737
0.6454659146921975
0.6438177994319371
0.6418701495443072
0.6386305860110691
0.6334779688290187
0.648727936404092
0.649104642016547
0.6457530813557761
0.646666841847556
0.6378673144749233
0.6369014595236097
0.6480498399053302
0.6480806299618312
0.6493117638996669
0.6305540161473411
0.6265725876603808
0.6364406262125287
0.6475954055786133
0.64262798002788
0.6384339588029044
0.6514606901577541
0.643281319311687
0.6468936630657741
0.6380842924118042
0.6288401314190456
0.6372260706765311
0.6348003191607339
0.6460175556795937
0.649669736623764
0.6395939801420484
0.6489488865647998
0.6426761703831809
0.6278632879257202
0.6462794116565159
0.6457340547016689
0.6269127173083169
0.6502985996859414
0.6410670152732304
0.6371357440948486
0.6578430575983865
0.6399448088237217
0.6337018821920667
0.6546960983957563
0.6339251058442252
0.6521186062267849
0.6355494899409158
0.6392647453716823
0.6618470421859196
0.6329370566776821
0.6484340855053493
0.6345066598483494
0.6327525206974575
0.6316060509000506
0.6491226426192692
0.652885913848877
0.6611127810818809
0.6417169613497598
0.6396468366895404
0.6389290562697819
0.6477933781487601
0.6376975349017552
0.641231507062912
0.6513555177620479
0.6576842708247048
0.6281310660498483
0.6398027581827981
0.6340481426034655
0.6433190320219312
0.6363141025815692
0.6332600457327706
0.6330935997622353
0.6474601456097194
0.651821860245296
0.6416155568190983
0.6389191406113761
0.6399023405143193
0.6405625428472247
0.6489822481359754
0.6465155141694205
0.6359350383281708
0.6580529723848615
0.6494064799376896
0.6405372193881443
0.6423021001475198
0.6378627845219204
0.6358093449047634
0.6375460198947361
0.6356239702020373
0.6516150406428746
0.645053335598537
0.6481833713395255
0.6400814822741917
0.6459464601108006
0.6398538861955915
0.6435299473149436
0.6466476619243622
0.6414751240185329
0.6390229378427777
0.6394786408969334
0.6527634561061859
0.6571606057030814
0.6347637815134866
0.6518629363604954
0.6625190377235413
0.6454149101461683
0.655303201505116
0.6347278910023826
0.6467036817755017
0.6496346805776868
0.6403301911694663
0.638161620923451
0.6322985589504242
0.6366888327257973
0.631030125277383
0.6241314326013837
0.6397199332714081
0.6413470166070121
0.6375422946044377
0.638732271535056
0.6393883696624211
0.6352920361927578
0.6348954311438969
0.6449217753750938
0.6468157597950527
0.6398522640977587
0.6554631505693708
0.6461430021694728
0.6443114365850177
0.6507703491619655
0.6349530645779201
0.6326821957315717
0.6573188475200108
0.650596559047699
0.6417081866945539
0.6451254955359867
0.6510326010840279
0.6306535644190652
0.6457237643854958
0.6280477132116046
0.6416815434183393
0.6472554547446114
0.63878305043493
0.6376914935452598
0.6323166063853672
0.6427857620375497
0.6515328330653054
0.632819150175367
0.6287324896880558
0.6399086500917163
0.6459539915834155
0.6293420238154275
0.6456978448799678
0.647702864238194
0.6437869412558419
0.6526681951114109
0.6389343057359967
0.6438107788562775
0.6398913519723075
0.6506905726024083
0.6452920309134892
0.6430077425071171
0.6432105430534908
0.6437498075621468
0.6398853659629822
0.6386043173926217
0.633865122284208
0.6292739851134164
0.6344035949025836
0.6434254859175
0.6291244838918958
0.6256717613765171
0.6298915701253074
0.6319532947880881
0.6279342642852238
0.646158231156213
0.6395031469208854
0.6447801036494119
0.6432260232312339
0.6461501589843205
0.645214319229126
0.6483447807175773
0.6323090365954808
0.6477621666022709
0.6437459247452872
0.6466199117047446
0.6361586621829441
0.6242976656981877
0.6416573779923576
0.6276738856519971
0.6282653680869511
0.6456780391080039
0.6470012707369668
0.6520572773047856
0.6385500303336552
0.6401715363774981
0.6459242105484009
0.6347772053309849
0.6610976755619049
0.6407869713647025
0.6477559464318412
0.6263517567089626
0.637496816260474
0.6298656846795764
0.655642603124891
0.6379945491041455
0.643013630594526
0.6386414170265198
0.6438041712556567
0.6349274132932935
0.6339315644332341
0.6404157153197697
0.6488869701113019
0.6314746652330671
0.6495416845594134
0.6315835927213941
0.641302900654929
0.6345891867365155
0.645323497908456
0.6457529876913343
0.6421485415526799
0.6481355811868396
0.6441037399428231
0.6400459110736847
0.6440646180084774
0.6442415245941707
0.6350935697555542
0.6314183260713305
0.6513741484710148
0.6446945454393115
0.6414155193737575
0.6438348931925637
0.6262566276959011
0.6458041880811963
0.6358499271529061
0.6369239134447915
0.6396760770252773
0.650900023324149
0.6462138763495854
0.6357892964567456
0.6394219951970237
0.6412469957556043
0.6573512469019208
0.6368083485535213
0.6337239827428546
0.6429052693503243
0.6399467715195247
0.6489656780447278
0.6383558682032994
0.6338944051946912
0.6347310372761318
0.6533878530774798
0.6300480706351144
0.6334868328911918
0.6429378390312195
0.6530737365995135
0.6406264816011701
0.6295929636274066
0.6403214250292096
0.6473945081233978
0.6495870990412576
0.6430627959115165
0.630081615277699
0.6391913422516414
0.6526780426502228
0.6447330926145826
0.6420901588031224
0.6443136547292981
0.6517444125243596
0.6566218776362283
0.6448147552353996
0.6446666036333356
0.6273723585265023
0.6422574903283801
0.6436669954231807
0.6341861358710698
0.6599205732345581
0.647591986826488
0.631215193441936
0.6443727229322705
0.6351083261626107
0.6405346691608429
0.6524737860475268
0.6427687874862126
0.6520725020340511
0.6389534515993935
0.6447802696909223
0.6427620436464038
0.6352808390344892
0.6356103803430285
0.6389858807836261
0.6412515342235565
0.6430240912096841
0.6430265733173915
0.6416085617882865
0.646245790379388
0.6363466935498374
0.6359691364424569
0.6447451753275735
0.6475062710898263
0.6478015950747898
0.6467967075960976
0.6321222143513816
0.638492980173656
0.644813094820295
0.6298215857573918
0.6291039713791439
0.6512657105922699
0.6373375143323626
0.6410763689449855
0.6419316445078168
0.6503938266209194
0.6417033587183271
0.6295218978609357
0.6575405214514051
0.6488608845642635
0.6442542629582542
0.6396850262369428
0.6252593185220446
0.6528706891196114
0.65103736945561
0.6440573760441372
0.6528792381286621
0.6495050915649959
0.6598134424005236
0.6393266320228577
0.6587317330496651
0.6489396265574864
0.6451013726847512
0.6393455011504037
0.6367251447268895
0.6382289528846741
0.6243750367845807
0.6311138187135968
0.6315542246614184
0.6571646588189262
0.6520995369979313
0.6424844861030579
0.6470695563725063
0.6373149454593658
0.6440809071063995
0.6480175512177604
0.6497508202280317
0.6435995059353965
0.6433477997779846
0.6407194307872227
0.6408712991646358
0.646861949137279
0.6413536965847015
0.6481711651597705
0.6397789929594312
0.6454799473285675
0.6376841451440539
0.6348895600863865
0.6372569841997964
0.631577559879848
0.633336854832513
0.6393117266041892
0.6481290927955082
0.6425799429416656
0.6323465917791639
0.639907990183149
0.6490068520818438
0.6472459265163967
0.6402924912316459
0.6409595864159721
0.6562291894640241
0.6528833082744053
0.6407106561320168
0.6503997828279223
0.637603121144431
0.6413180657795498
0.6474499319280896
0.6326576769351959
0.6389214992523193
0.6391961659703936
0.651251916374479
0.6468652103628431
0.6428484788962773
0.6243284089224679
0.6436097281319755
0.6476143257958549
0.6439525357314518
0.6434788065297263
0.6418538306440625
0.6424801179340908
0.6414999450956073
0.6443496218749455
0.6438640526362828
0.6459707958357674
0.6460567457335336
0.6430665978363582
0.6408379418509347
0.6485867713178907
0.6388767787388393
0.6333477539675576
0.6525112007345472
0.6430701741150447
0.6513699335711343
0.6565950640610286
0.6271145982401711
0.6368613285677773
0.6354229152202606
0.6350449110780444
0.6357533974306924
0.6455812581947872
0.6389884395258767
0.6471481536115918
0.6405853203364781
0.6294247422899518
0.6443339841706412
0.6405617892742157
0.6364309660026005
0.6328008089746747
0.6360884734562465
0.6397386278424945
0.6351292771952493
0.639449051448277
0.6218931760106768
0.6506086375032153
0.6483757708753858
0.6517812098775592
0.6496430592877525
0.6462242816175733
0.6398568792002541
0.644745158297675
0.6605696848460606
0.6579025600637708
0.6413614239011493
0.6418320366314479
0.6327005795070103
0.6385512522288731
0.6417369885104043
0.6525409093924931
0.6483902164867946
0.6364944321768624
0.6407684854098729
0.6497852887426104
0.647131051336016
0.6421728389603751
0.6369242370128632
0.6430168066705976
0.6499818393162319
0.6400848967688424
0.6524215340614319
0.646234005689621
0.6446636489459446
0.647458404302597
0.621315096105848
0.6441830481801715
0.639435853276934
0.645322744335447
0.6396453082561493
0.6375312422003064
0.6426553811345782
0.6336583920887539
0.6494469600064414
0.6482173374720982
0.6412378805024284
0.6287796071597508
0.6437185662133353
0.640504504953112
0.6493761326585498
0.6335075157029288
0.6471467188426426
0.6384878030845097
0.6550854997975486
0.6440374766077314
0.6315259422574725
0.647623245205198
0.635611035994121
0.6373873736177172
0.6262420671326774
0.6371602245739528
0.6512482251439776
0.6381186289446694
0.6331706345081329
0.6483631730079651
0.6501701091017041
0.6290439537593296
0.6346516268593925
0.6432062642914909
0.6338001872811999
0.6418102894510541
0.6331975843225207
0.6624019529138293
0.6378896193844932
0.648697589124952
0.6370221972465515
0.6427205502986908
0.6527197020394462
0.636775540454047
0.6470458677836827
0.6366534062794277
0.6461639148848397
0.6456748800618308
0.6311954004423959
0.6347854648317609
0.6522988634450095
0.6474969685077667
0.634341014283044
0.6396479308605194
0.6372074825423104
0.6316814422607422
0.6387612436498914
0.6324712889535087
0.6578434748308999
0.6489937050001962
0.640959233045578
0.6433563871043069
0.6486829689570835
0.6430455361093793
0.6382967361382076
0.6437546866280692
0.6319936045578548
0.645774211202349
0.6367264858313969
0.6520135700702667
0.6355719183172498
0.6374236856188092
0.6448950937816075
0.6412729322910309
0.6436229305607932
0.6527220053332192
0.631093293428421
0.6475056537560054
0.641094548361642
0.6424678266048431
0.6397955119609833
0.6438836242471423
0.6447419311319079
0.6468083943639483
0.6502914599009922
0.6295242352145058
0.63190872328622
0.6490756358419146
0.6419128094400678
0.6361930200031826
0.6332150910581861
0.6409887330872672
0.6385671028069088
0.6508440715926034
0.6346570253372192
0.6429659468787057
0.6435213088989258
0.6570268997124263
0.6528843981879098
0.632396399974823
0.6384418053286416
0.6435500723975045
0.6388400835650307
0.6456451884337834
0.6502828768321446
0.6394352444580623
0.6499741290296827
0.6532216412680489
0.634579632963453
0.6371351523058755
0.6475782862731388
0.6287873557635716
0.6401833380971637
0.6411939603941781
0.6411849984100887
0.6584681229931968
0.6428280047007969
0.6402150647980827
0.6499101987906865
0.6418874306338174
0.6449331258024488
0.6367987096309662
0.6420907207897731
0.6388092977660043
0.6487237300191607
0.6261382400989532
0.6400531956127712
0.6374576474939074
0.6495218617575509
0.6413690107209342
0.6473455897399357
0.642994510275977
0.639868574483054
0.642351005758558
0.6322516671248845
0.645464552300317
0.6410497810159411
0.6366345243794578
0.642975104706628
0.64432521377291
0.6373414865561894
0.6337707383292062
0.6391896137169429
0.6348943625177655
0.6328758810247693
0.6425544278962272
0.6515674207891736
0.6413664221763611
0.6466904069696154
0.6453328217778888
0.6365213223866054
0.6423082309109824
0.6243797327790942
0.6425406294209617
0.6465322843619755
0.6445770348821368
0.648519230740411
0.6267762397016797
0.6414537259510585
0.6420345519270215
0.6296519722257342
0.6275282970496586
0.631176050220217
0.6561272484915597
0.6345469866480146
0.6554451031344277
0.6439739380564008
0.6347817736012595
0.6464441759245736
0.6463183675493512
0.6238609169210706
0.6410915894167764
0.6395275592803955
0.6461417973041534
0.6394886544772557
0.6320686255182538
0.6441353900091988
0.6413428400244031
0.6347451337746212
0.6434101164340973
0.6522775079522815
0.636329357113157
0.6394519891057696
0.6345027557441166
0.6459354971136365
0.6383695474692753
0.661119533436639
0.6604770081383842
0.646447845867702
0.6393588568483081
0.6230771371296474
0.6413732383932386
0.6430099138191768
0.6403655111789703
0.6482754903180259
0.6303858586720058
0.6368551552295685
0.6384077497891018
0.6485524134976524
0.6415695164884839
0.6490611008235386
0.6426685282162258
0.6316587201186589
0.6438928927694049
0.6345133057662419
0.6477429143020085
0.6568679681846074
0.6434198149612972
0.6420250705310276
0.6355031090123313
0.6320306573595319
0.6512592690331596
0.6390437313488552
0.6473945038659232
0.6438056060246059
0.6475885680743626
0.6378668418952397
0.6364615772451673
0.6354447177478245
0.6465299086911338
0.6430155634880066
0.6516694894858769
0.6388035246304103
0.647284231015614
0.6394893739904676
0.6393687852791378
0.6352484396525792
0.6365295606000083
0.6311880137239184
0.6401379874774388
0.6462126672267914
0.6350837179592678
0.6388287118503025
0.6304873057774135
0.6437726148537227
0.6363404095172882
0.6281904833657401
0.6439173689910344
0.6326946999345507
0.635977464062827
0.6659724456923348
0.642710770879473
0.6461105133805957
0.6479441225528717
0.6459956041404179
0.6393505121980395
0.6225144522530692
0.6423946746758052
0.6429034216063363
0.6344752439430782
0.6408630056040627
0.6340393253735134
0.6383493074348995
0.6441868799073356
0.6458061635494232
0.6519290293966021
0.6531875559261867
0.6313701527459281
0.6392987072467804
0.6369126779692513
0.6529764447893415
0.63803488441876
0.6323503085545131
0.6393632931368691
0.6373229452541896
0.6380685269832611
0.6594691744872502
0.6397973554474967
0.6465968872819629
0.6467001693589347
0.6403100788593292
0.6496800482273102
0.658015102148056
0.6453920815672193
0.6324914821556636
0.6403086313179561
0.6440462895802089
0.6446813898427146
0.6353360073907035
0.6323367229529789
0.6455489013876233
0.6562075614929199
0.6345336096627372
0.6493511072226933
0.631970784493855
0.6329317433493478
0.6252277876649585
0.648409196308681
0.6438543455941337
0.6411260707037789
0.6456187878336225
0.6420690076691764
0.6494766601494381
0.6349714653832572
0.6349671823637826
0.6394221782684326
0.6522676178387233
0.6353528286729541
0.6329436472484044
0.645011442048209
0.6432768872806004
0.6403540585722242
0.6393594103200095
0.6362335639340537
0.6366000686373029
0.6411507214818682
0.6470263217176709
0.646510796887534
0.6312956511974335
0.6476284563541412
0.6424156469958169
0.6434725182397025
0.6337640157767704
0.6357661868844714
0.6600363169397626
0.6386624532086509
0.6342214005334037
0.6432041227817535
0.6444136798381805
0.6537771310125079
0.6440088748931885
0.6300692387989589
0.6440868760858264
0.6459362975188664
0.640193372964859
0.6308654248714447
0.6415849838938031
0.6489316395350865
0.6333226561546326
0.6454149910381862
0.6322767521653857
0.6387646070548466
0.642478176525661
0.6362389581544059
0.6339449541909354
0.6359344593116215
0.6490835845470428
0.6411944968359811
0.632787823677063
0.6373105006558555
0.6533006514821734
0.6602412589958736
0.6441967274461474
0.630395552941731
0.6313670192446027
0.643680968454906
0.6569146599088397
0.6514606390680585
0.6461157117571149
0.6453503370285034
0.6460258194378444
0.6570090438638415
0.6423136336462838
0.647463960306985
0.6600647398403713
0.6407619416713715
0.6352550727980477
0.6398017065865653
0.6358058452606201
0.6387242547103337
0.634755939245224
0.649160555430821
0.6456717295306069
0.6399716777460915
0.6561376835618701
0.6426655394690377
0.6473208240100315
0.63829819219453
0.6462875945227486
0.6377190010888236
0.6418553846223014
0.6344687640666962
0.6459519352231707
0.6475659055369241
0.6389201070581164
0.6442442110606602
0.6512645866189685
0.6331055675234113
0.6462790710585458
0.6414694062301091
0.6445223944527763
0.6329478664057595
0.64244715656553
0.6410065421036312
0.6387182346412114
0.6434544367449624
0.6332424197878156
0.6437345615455082
0.6333522370883397
0.6326279299599784
0.645984581538609
0.6466086634567806
0.6317065145288195
0.6343535993780408
0.6397925402436938
0.6408804782799312
0.6363941303321293
0.6545780982289996
0.6592474026339394
0.6395335154873985
0.6370060827050891
0.6401021821158273
0.6451922101633889
0.6485873247895922
0.6363298637526376
0.6345327411379132
0.632482899086816
0.6443307399749756
0.6342899884496417
0.6417063474655151
0.6428429952689579
0.630852895123618
0.650513197694506
0.6443518783364978
0.6519178662981305
0.6542123087814876
0.6461581332342965
0.6513500937393734
0.6466603662286486
0.6482457135404859
0.6334281776632581
0.6388323860509055
0.657716806445803
0.6361138480050224
0.6445274225303105
0.6311444214412144
0.6263395164694104
0.641180259840829
0.6416306751114982
0.6409306483609336
0.6468509307929448
0.6453506989138467
0.644408758197512
0.6319868522030967
0.6318555303982326
0.642543362719672
0.6585489426340375
0.6484592003481728
0.6344357686383384
0.6367865119661603
0.6415880961077554
0.6412118247577122
0.6381962852818626
0.6398390361240932
0.6516729422977993
0.6548243846212115
0.6359297846044812
0.6240003066403526
0.6302180290222168
0.6478630900382996
0.6315462376390185
0.6610396546976907
0.6447004207542965
0.6409345311777932
0.6402501549039569
0.645443435226168
0.6261178553104401
0.6497742065361568
0.6559621776853289
0.6324508573327746
0.6496573771749224
0.6369449666568211
0.6409495302609035
0.6468639075756073
0.6391964512211936
0.6496390317167554
0.6435965469905308
0.6417162077767509
0.6492853207247598
0.6296870708465576
0.6420785997595105
0.6541707047394344
0.6352542851652417
0.6456549635955265
0.6466016471385956
0.6465050280094147
0.6506909685475486
0.629676661321095
0.6370595693588257
0.6614977547100612
0.6374724337032863
0.6390234529972076
0.6371111571788788
0.6352674237319401
0.6483809735093798
0.6377041254724775
0.6416234544345311
0.6439025061471122
0.6455150033746447
0.6413437042917524
0.6316585498196738
0.6466241478919983
0.6292624303272792
0.646374945129667
0.6300519193921771
0.6333631362233844
0.6517570189067295
0.6497981633458819
0.6341952894415174
0.6371174923011235
0.6664303243160248
0.6411126852035522
0.6512503283364433
0.6406640538147518
0.6487086543015071
0.6455395136560712
0.6377325057983398
0.6452726125717163
0.6345526022570473
0.6324120930262974
0.6389890824045453
0.636655752147947
0.6448118558951786
0.6554032521588462
0.6293608035360064
0.647898542029517
0.646392149584634
0.6440852284431458
0.6371581128665379
0.6445946225098201
0.6590782914842878
0.6481595848287854
0.6446528647627149
0.6465417444705963
0.651026725769043
0.6490006830011096
0.6711889803409576
0.6325045015130725
0.6397355028561184
0.6450288721493312
0.63463636807033
0.6446264897074018
0.6373142302036285
0.6276719953332629
0.6393939128943852
0.6448652361120496
0.6452193941388812
0.6374929760183606
0.6355289944580623
0.6403662860393524
0.6364649363926479
0.6419421093804496
0.6417298189231327
0.6586470348494393
0.6628204456397465
0.6498473584651947
0.641861868756158
0.6297944060393742
0.6364737706524985
0.633998453617096
0.6384137698582241
0.6428525149822235
0.6360651297228677
0.6528566905430385
0.6401668574128833
0.6404027811118534
0.6374198453766959
0.6459338707583291
0.624057948589325
0.6396288360868182
0.6372195524828774
0.6550321451255253
0.6389126820223672
0.6310511997767857
0.6270788567406791
0.6463437165532794
0.6463745960167476
0.6486205203192574
0.6429062230246407
0.6415120703833443
0.6393578776291439
0.6309342426913125
0.6404204113142831
0.63727377142225
0.6423629479748862
0.6499710083007812
0.6390827809061322
0.6319301979882377
0.6429734102317265
0.6433633523327964
0.6467442299638476
0.6575017017977578
0.6414442658424377
0.6314011088439396
0.6361498704978398
0.6328116570200238
0.6457675737994057
0.6365549990109035
0.6437559936727796
0.6395389309951237
0.636161914893559
0.6322772715772901
0.6434123516082764
0.6490778497287205
0.6350624561309814
0.6582347197192056
0.647643676825932
0.6429833088602338
0.6462275300707135
0.6379915518420083
0.6271824538707733
0.645801020520074
0.6584506247724805
0.634910660130637
0.6242275791508811
0.6306289178984505
0.6548011302947998
0.6460479668208531
0.6280980365616935
0.6498393629278455
0.6274546342236655
0.6527930668422154
0.6449453447546277
0.6306125904832568
0.6469882598945073
0.6469111740589142
0.6536510842187064
0.640929388148444
0.6459495425224304
0.6398776854787555
0.6323708593845367
0.6450563541480473
0.632822892495564
0.6322533147675651
0.6398221211774009
0.6322953573295048
0.6287884031023298
0.6400035704885211
0.6435652077198029
0.6545401726450238
0.6437017619609833
0.6448985849108014
0.6455892707620349
0.6431156822613308
0.6473292793546405
0.6294022670813969
0.6470786673682076
0.6491051273686546
0.6392670529229301
0.6275430875165122
0.6405135904039655
0.6521330773830414
0.648181928055627
0.6510327075208936
0.63621985912323
0.646852365561894
0.6332602288041796
0.6261618563107082
0.6415646799973079
0.6357000768184662
0.6423538199492863
0.6356761285236904
0.6397219811167035
0.6362011730670929
0.6414892886366163
0.6368558875152043
0.6562478542327881
0.635096686226981
0.6510197009359088
0.6373631698744637
0.638038843870163
0.6283104845455715
0.6360935653959002
0.6454466113022396
0.6478849819728306
0.6626375998769488
0.6430134730679649
0.6337571825299945
0.6343170659882682
0.6343884468078613
0.641789014850344
0.6605842241219112
0.6390597862856728
0.6514214532715934
0.6297988380704608
0.6371527697358813
0.6309151010853904
0.6368846637862069
0.642952697617667
0.6397403180599213
0.63716921210289
0.6261917097227914
0.6509589723178318
0.6457801716668266
0.6467850889478411
0.6376612143857139
0.6414080262184143
0.6399883287293571
0.6537720135280064
0.6441086658409664
0.6399522934641156
0.6485788013253894
0.6431499889918736
0.6375240513256618
0.6411046641213554
0.6429204387324197
0.6337523800986153
0.6491360494068691
0.6383558852331979
0.6357558710234505
0.6450312350477491
0.636808340038572
0.6428432209151131
0.6520558042185647
0.6430750489234924
0.6467475252492088
0.624408632516861
0.6400262372834342
0.6495185366698674
0.6407812663487026
0.6309638151100704
0.6475072886262622
0.6487022766045162
0.6411380044051579
0.6501910218170711
0.6384274448667254
0.6389685145446232
0.6386958403246743
0.6402440965175629
0.6431554513318198
0.6290961759431022
0.6516387675489698
0.6378929231848035
0.6354437896183559
0.6494197377136776
0.6444824508258274
0.6512799646173205
0.6368794143199921
0.6484239101409912
0.6423771977424622
0.6398878906454358
0.6564739048480988
0.6429649846894401
0.6335543394088745
0.6435046068259648
0.6415528527327946
0.6417411480631147
0.6376517159598214
0.653491735458374
0.6409261567252023
0.6387743992464883
0.6447972016675132
0.6238195214952741
0.6321659471307483
0.6350616983004979
0.6449409808431353
0.6390920153685978
0.6434232124260494
0.6177265133176532
0.641878604888916
0.6322990357875824
0.6440377831459045
0.638237361397062
0.6468489340373448
0.6461885358606066
0.645755912576403
0.6376631089619228
0.6596291065216064
0.6443985061986106
0.6346772909164429
0.6317239957196372
0.6606530547142029
0.6318502298423222
0.6413126971040454
0.656880898135049
0.6362293532916478
0.6459794427667346
0.6434485997472491
0.6499046300138746
0.6352713831833431
0.6440934027944293
0.6308311777455466
0.6345716800008502
0.6281207714762006
0.6303748956748417
0.6397805256502969
0.6275334230491093
0.6584457073892865
0.6398967334202358
0.6494460318769727
0.6320794352463314
0.6398338292326246
0.6301882607596261
0.6381043408598218
0.6382435006754739
0.6418741345405579
0.6347986033984593
0.6507859102317265
0.6447964864117759
0.6376308373042515
0.6501248393739972
0.6504093408584595
0.6430977242333549
0.6469290384224483
0.6362887748650142
0.6428470313549042
0.6428217973027911
0.6331497728824615
0.6495823860168457
0.6381080320903233
0.6289917358330318
0.6423390635422298
0.6411183987345014
0.6326871514320374
0.6449485038008008
0.636190150465284
0.6474991015025547
0.6485403265271869
0.6351782466684069
0.634477606841496
0.6407855578831264
0.6395301307950702
0.651144972869328
0.6429523655346462
0.6494409569672176
0.6196615270205906
0.6535785368510655
0.6372239121368953
0.6450044597898211
0.6461410735334668
0.6348856176648822
0.6457384484154838
0.6370568147727421
0.632377633026668
0.6452699942248208
0.6403554252215794
0.6362791359424591
0.6383917331695557
0.6495211379868644
0.6491800589220864
0.645484175000872
0.641036855322974
0.6352994271687099
0.6328227903161731
0.6412478898252759
0.6284211192812238
0.6350529406751905
0.6380113363265991
0.6373035652296883
0.6563321905476707
0.636400614465986
0.6311885331358228
0.6437112178121295
0.6505812236240932
0.6399387844971248
0.6434333750179836
0.6381762283188956
0.6380212349551064
0.6415236507143293
0.6448659087930407
0.6404262866292681
0.6557578572205135
0.644109879221235
0.6432742774486542
0.6409961027758462
0.6362000703811646
0.648254930973053
0.638697189944131
0.6301992833614349
0.6601326508181435
0.619217940739223
0.6422534840447562
0.6436064669064113
0.6563547807080405
0.6365473483289991
0.6441661162035806
0.6434308801378522
0.6328619846275875
0.6461008148533958
0.6467509056840625
0.637968876532146
0.6449393885476249
0.6421368079526084
0.655717351606914
0.6343373826571873
0.6430376299789974
0.6372736479554858
0.6318843066692352
0.6499914910112109
0.6509764322212764
0.6348198567117963
0.6346177756786346
0.6432682999542781
0.6237578477178302
0.6533962956496647
0.6525532688413348
0.6369497350284031
0.6428956261702946
0.652322415794645
0.6372084319591522
0.640422808272498
0.6399997472763062
0.6444255198751178
0.6345731105123248
0.6265779648508344
0.6522932563509259
0.6483705554689679
0.6458690762519836
0.6471066474914551
0.6361883410385677
0.6440213322639465
0.6404369856630053
0.6484687413488116
0.6417726789202008
0.6331501262528556
0.6462894933564323
0.6308448442390987
0.6388529709407261
0.6289148245538984
0.632678530045918
0.6461375568594251
0.6432210973330906
0.6383256188460759
0.637594780751637
0.6414012440613338
0.6393963864871434
0.6540011124951499
0.6335500010422298
0.6409141165869576
0.6536574746881213
0.6443849674292973
0.6391844749450684
0.641550919839314
0.6530058256217411
0.6401592365333012
0.6389298396451133
0.6471721913133349
0.6364566002573285
0.6373614413397652
0.6477843650749752
0.6459286383220127
0.6473357975482941
0.6420613527297974
0.6388666204043797
0.6388254293373653
0.635815658739635
0.64040920989854
0.6437311002186367
0.6469777481896537
0.6330316960811615
0.656588728938784
0.6434147102492196
0.6405616743224007
0.6607519601072583
0.6353995331696102
0.6469977710928235
0.6425022057124546
0.6483634241989681
0.6464176646300724
0.647500889641898
0.6332652568817139
0.6462030070168632
0.6421234352248055
0.6386152889047351
0.6529873907566071
0.641725731747491
0.6484143223081317
0.6425012392657143
0.6364855212824685
0.6408650832516807
0.6342120042869023
0.6345246604510716
0.6330246201583317
0.6411278205258506
0.6310337356158665
0.6271708692823138
0.6414247240339007
0.6423149832657405
0.6427549379212516
0.6297265674386706
0.6393199009554726
0.6442349425383976
0.6393295483929771
0.6481752693653107
0.6492893653256553
0.6419427011694226
0.6381361654826573
0.6483386414391654
0.6346776826041085
0.6489854454994202
0.6450979965073722
0.6484089195728302
0.6663866341114044
0.6475238885198321
0.6335785644395011
0.6426277458667755
0.6525036650044578
0.6448624815259661
0.6560822129249573
0.6404163752283368
0.6452454243387494
0.6509860966886792
0.6380862891674042
0.6369466313294002
0.6392670529229301
0.6605440080165863
0.6355867683887482
0.6449958000864301
0.6413531133106777
0.6418700473649162
0.6353848874568939
0.6501557699271611
0.6549062345709119
0.652859764439719
0.6294721407549722
0.6315246309552874
0.6589735916682652
0.6408866133008685
0.6286812594958714
0.6425607545035226
0.6486940171037402
0.6413783984524863
0.6432645533766065
0.6456907306398664
0.6317153828484672
0.6349468742098127
0.6335962414741516
0.6447791670049939
0.6309477090835571
0.6407035546643394
0.6483436056545803
0.6365284408841815
0.6530447133949825
0.6430202637399945
0.6438975632190704
0.6340554995196206
0.6540735491684505
0.6417343999658313
0.6351536938122341
0.6417978959424155
0.6228754009519305
0.6468538045883179
0.6473483145236969
0.6356801007475171
0.6372785440513066
0.6382746866771153
0.6410526973860604
0.64310222864151
0.6353183005537305
0.6345577325139727
0.6294330188206264
0.6403779430048806
0.6600288450717926
0.642246948821204
0.631256422826222
0.6557714768818447
0.6333567500114441
0.6469477457659585
0.6500077375343868
0.6342532336711884
0.6431881317070552
0.6449152444090162
0.6534017835344587
0.6324625398431506
0.6440582232815879
0.6366258221013206
0.6374975230012622
0.6463830513613564
0.6259437245982034
0.6419135119233813
0.64652162364551
0.6413057999951499
0.6326817146369389
0.6541691890784672
0.6448822021484375
0.6371490444455828
0.6485677914960044
0.638790854385921
0.6260660290718079
0.6422461441584996
0.6342448890209198
0.635199955531529
0.6392557535852704
0.6432281902858189
0.6398522130080632
0.6584660879203251
0.6443806886672974
0.6342624000140599
0.6454325105462756
0.659610948392323
0.6361996233463287
0.6288521460124424
0.6464332171848842
0.6292318446295602
0.6473391822406224
0.6443032026290894
0.6478910531316485
0.639089720589774
0.6532478247370038
0.6471218126160758
0.6490272581577301
0.6390294134616852
0.6364425037588392
0.6587520582335336
0.6498959405081612
0.6311177441052028
0.6482907789094108
0.636916811977114
0.6534225131784167
0.6376479693821498
0.6465113077844892
0.6331783192498344
0.6562083661556244
0.6505498843533652
0.6358404287270137
0.6351461751120431
0.6423290967941284
0.6337303859846932
0.6471882505076272
0.6374204584530422
0.6395879941327232
0.6348429066794259
0.6529162057808467
0.6443600697176797
0.6333346835204533
0.6445815818650382
0.6361658871173859
0.6298876064164298
0.6319844680173057
0.6428006844861167
0.6372349858283997
0.6617418485028403
0.6451563664845058
0.6465418381350381
0.6332895287445613
0.6523392796516418
0.6451425978115627
0.6459774928433555
0.6394494218485696
0.6318139774458749
0.6368687408311027
0.6465244378362384
0.6390591093472072
0.6416113589491163
0.650474705866405
0.639292985200882
0.6327685756342751
0.6489384770393372
0.6365849333150047
0.6481825368744987
0.635120404618127
0.644660085439682
0.6377012431621552
0.6328711041382381
0.6323341940130506
0.6455881084714618
0.6477743557521275
0.6408634526388985
0.637775297675814
0.6413657750402179
0.6333910141672406
0.6470266367707934
0.6371939267430987
0.6411440755639758
0.64080291560718
0.6354973699365344
0.6347569567816598
0.6493918001651764
0.6520736345223018
0.63981979233878
0.6361756197043827
0.6471171634537833
0.6284343344824654
0.6596467792987823
0.6457590333053044
0.6439132690429688
0.6411845258304051
0.6456034864698138
0.62998685666493
0.6346610656806401
0.6419189955507006
0.62965270451137
0.6335971270288739
0.6356995829514095
0.6334642469882965
0.6526044053690774
0.6428208095686776
0.6542821909700122
0.6452819875308445
0.6370138270514352
0.642554943050657
0.6439625791140965
0.6229631006717682
0.6335640890257699
0.6441330441406795
0.6467286007744926
0.6487199749265399
0.6481045186519623
0.6368973936353411
0.6438863745757512
0.6467264124325344
0.63090409551348
0.6493869551590511
0.6408557210649762
0.6442394001143319
0.6375531767095838
0.6294121869972774
0.6429436802864075
0.6420398737703051
0.6436216958931514
0.6525914967060089
0.6383205992834908
0.6458717499460492
0.6375540707792554
0.636848155941282
0.6334318816661835
0.653115770646504
0.6550977570669991
0.6334380848067147
0.6509799488953182
0.6494178175926208
0.6416072802884238
0.6429073895726886
0.6451658947127206
0.6268055396420615
0.6298167322363172
0.6318168427262988
0.6358370568071093
0.6359356471470424
0.6492729016712734
0.6554482494081769
0.6432671206338065
0.6498699060508183
0.6483567186764309
0.6298086472920009
0.6309598045689719
0.641532906464168
0.6510796461786542
0.6364485408578601
0.6569846144744328
0.6445683666637966
0.6250353668417249
0.6260644538061959
0.629713488476617
0.647664053099496
0.6458070150443486
0.6423140381063733
0.6560546330043248
0.637845150062016
0.6396568758147103
0.6466870903968811
0.6296017723424094
0.6413133016654423
0.6349780431815556
0.6305705606937408
0.6481053956917354
0.6557875318186623
0.6306674523012978
0.6375754347869328
0.6384382801396506
0.6460115781852177
0.6641092215265546
0.6409983081477029
0.6351101057870048
0.6475575310843331
0.64110038961683
0.6489896774291992
0.6258132457733154
0.6376096435955593
0.6514369973114559
0.6462472081184387
0.6502721352236611
0.635101067168372
0.6436701714992523
0.6483720966747829
0.6391781057630267
0.6383182193551745
0.6579761845724923
0.6478699786322457
0.6430969664028713
0.6425746849605015
0.6593557809080396
0.6433785898344857
0.6451788118907383
0.6333746228899274
0.643692706312452
0.6407549466405597
0.6489797702857426
0.6386630237102509
0.6499209233692714
0.6459494829177856
0.6545067046369825
0.6352480905396598
0.6424477270671299
0.6212623034204755
0.6435489484242031
0.6442165289606366
0.64714201433318
0.6252554867948804
0.6387185539518084
0.6501077967030662
0.6419960984161922
0.6509311156613486
0.6347990674631936
0.643499344587326
0.6571600181715829
0.6439756665910993
0.640220548425402
0.6498314567974636
0.6449169303689685
0.6209191381931305
0.6373272708484105
0.6361515309129443
0.6334601470402309
0.6277816891670227
0.6349627673625946
0.6346508647714343
0.6352911336081368
0.6235768582139697
0.6412473917007446
0.6414947041443416
0.642298127923693
0.6344165674277714
0.6300400750977653
0.6324877100331443
0.651211815220969
0.6467925906181335
0.6441419507775988
0.6433365302426475
0.6450410314968654
0.645029753446579
0.643288037606648
0.6334905539240155
0.6356389692851475
0.6452858192580087
0.6433140592915672
0.6361417174339294
0.6280609497002193
0.6401316480977195
0.648036105292184
0.6358291166169303
0.632400951215199
0.637258699962071
0.6403894637312207
0.648032009601593
0.6485996714660099
0.6382462424891335
0.6518401631287166
0.6466056874820164
0.637890636920929
0.6527413938726697
0.6557636644159045
0.6316486341612679
0.6497237469468798
0.641719400882721
0.6318196185997554
0.6467442469937461
0.6489904224872589
0.6450312435626984
0.6344702754701886
0.6386896882738385
0.64378593649183
0.6573911905288696
0.640031235558646
0.6465199163981846
0.6463140291827065
0.62925586104393
0.6397784778050014
0.6387500890663692
0.636601162808282
0.6431158823626382
0.6441800211157117
0.6388100470815387
0.6392291699137006
0.6512200108596257
0.6383948496409825
0.6475245313985007
0.6346667792115893
0.6415924983365195
0.6364282880510602
0.6502875643117088
0.635088073355811
0.6458980994565147
0.6425230715956006
0.6322028764656612
0.6409703237669808
0.6497527488640377
0.6570009631769997
0.6414974076407296
0.6415411702224186
0.6466463421072278
0.6470880891595568
0.6456222321305957
0.6439212730952671
0.6357951930591038
0.6411878381456647
0.6386311607701438
0.6520152900900159
0.6438683612006051
0.6356709003448486
0.6301227850573403
0.6499875102724347
0.644903838634491
0.6377374274390084
0.6616297449384417
0.643998214176723
0.6399740661893573
0.6332443271364484
0.6475886404514313
0.642125985452107
0.6447307169437408
0.6463620705263955
0.6346885136195591
0.6454201127801623
0.640598965542657
0.6415240381445203
0.6350025108882359
0.6257773169449398
0.6494011197771344
0.6464968195983342
0.6469576529094151