0.7278262887682233
0.747225535767419
0.7384172890867505
0.7382126493113381
0.7448722677571433
0.7340152306216103
0.7620648656572614
0.7454862807478223
0.726628018277032
0.7376204005309513
0.7277729426111493
0.7410524317196437
0.7375245988368988
0.7285951120512826
0.7090841361454555
0.7322506053107125
0.7485309030328479
0.7247051256043571
0.7282766401767731
0.7406820271696363
0.7456303664616176
0.7357704000813621
0.7591055291039603
0.7300502955913544
0.7374248845236642
0.7328753513949258
0.7509083662714277
0.771196722984314
0.7405589478356498
0.7354944050312042
0.7262164184025356
0.7348546385765076
0.7302413582801819
0.7491232710225242
0.7421375513076782
0.7207725260938916
0.7349428875105721
0.7320789056164878
0.7223135318074908
0.746409705707005
0.7208103963306972
0.7534654225621905
0.7319946203913007
0.7312399915286473
0.7443759654249463
0.7371706153665271
0.7261894345283508
0.7391527678285327
0.7367834959711347
0.7604510188102722
0.7263634332588741
0.7420638501644135
0.7308056482246944
0.7484620809555054
0.7438812851905823
0.751406192779541
0.7575767764023372
0.7368137410708836
0.7356308060032981
0.7427669891289302
0.749035005058561
0.736451540674482
0.7388785694326673
0.7254315742424556
0.7410848396165031
0.7455481546265739
0.7367611186844962
0.7205886500222343
0.7410192149026054
0.7381798156670162
0.7287687574114118
0.737826943397522
0.7278002202510834
0.7430404552391597
0.7249577002865928
0.7353195931230273
0.7344228199550084
0.7371461689472198
0.7218797930649349
0.7602386134011405
0.745466057743345
0.7393268304211753
0.7485663337366921
0.7267107622964042
0.7368459446089608
0.7494703914437976
0.7407497125012534
0.7161113236631665
0.7349676319531032
0.7459422477654049
0.7545755079814366
0.748699005161013
0.7537412600857871
0.7559018816266742
0.7122564996991839
0.7384174082960401
0.7485101861613137
0.7139188093798501
0.7493723843778882
0.7460301859038216
0.7460392245224544
0.7299337770257678
0.7261716638292585
0.7438269853591919
0.739225868667875
0.7402987948485783
0.7396364382335118
0.7434499987534114
0.766893744468689
0.7375286051205227
0.7316823942320687
0.7372279763221741
0.7246023459093911
0.7455325935568128
0.7171925348894936
0.7288495770522526
0.7399633228778839
0.7353923491069249
0.7474722010748727
0.7474628601755414
0.7135938278266362
0.7381554586546761
0.728929055588586
0.74054126228605
0.737616091966629
0.7273435166903904
0.7311199137142727
0.7281836782182965
0.7492319686072213
0.72561029451234
0.7145698155675616
0.7351987830230168
0.7341826515538352
0.7476992607116699
0.7438564300537109
0.7397670320102147
0.7302978507110051
0.7130709205354963
0.7352243449006762
0.7247997564928872
0.7562458770615714
0.7398868586335864
0.7521996412958417
0.7374321137155805
0.7299405208655766
0.7585043566567558
0.7289620850767408
0.7321713183607373
0.7448996092591967
0.7342087158135006
0.7429854231221336
0.7251580613000053
0.7146322471754891
0.7302375052656446
0.7568252554961613
0.739838855607169
0.7263082606451852
0.7411672856126513
0.7418035353933062
0.7635688781738281
0.7252690153462547
0.7383061093943459
0.7462035715579987
0.7361027257783073
0.7411048369748252
0.7337784724576133
0.718573340347835
0.7468128034046718
0.7494394523756844
0.731903714793069
0.7249845819813865
0.7225419197763715
0.7252467998436519
0.7410997365202222
0.737694080386843
0.7509759153638568
0.7273571533816201
0.7601419644696372
0.7272106877395085
0.7507300589765821
0.7532471546104976
0.7507846185139248
0.732517170054572
0.7303001114300319
0.7388025607381549
0.748514460665839
0.7351477444171906
0.7264605760574341
0.7393103923116412
0.7341946533748082
0.73153703553336
0.7293253030095782
0.7498625431741986
0.7504890944276538
0.7340142003127507
0.7263413071632385
0.7349284248692649
0.7414235259805407
0.7355543843337468
0.7169576840741294
0.7286467041288104
0.7403115843023572
0.7397947268826621
0.7266647900853839
0.7327409599508558
0.7374826158796038
0.7476656777518136
0.7365761995315552
0.7305594171796527
0.745597358260836
0.7390970800604139
0.735424028975623
0.7424587053912026
0.7425838794027056
0.7311570218631199
0.747758367231914
0.734208345413208
0.7488164475985936
0.7424261399677822
0.7557619426931653
0.7378346579415458
0.7432072375501905
0.7340922270502362
0.7265955763203757
0.7256616907460349
0.7429749667644501
0.738178551197052
0.7397907205990383
0.7133292938981738
0.7491192604814257
0.7293424436024257
0.7285302536828178
0.7188892066478729
0.7312173247337341
0.737924303327288
0.7258721377168383
0.753730228969029
0.7195147829396384
0.7438348702022007
0.7448581968035016
0.7376093225819724
0.7305420637130737
0.7515730219227927
0.7192007090364184
0.744691537959235
0.7186587921210698
0.7258257056985583
0.7239470481872559
0.705026068857738
0.7285355074065072
0.7437717914581299
0.7232796251773834
0.7343196315424783
0.7256270221301487
0.7318233719893864
0.7427538931369781
0.733882738011224
0.759543891463961
0.7471656799316406
0.7307846886771066
0.7485964723995754
0.747561514377594
0.7260145587580544
0.7405448087624141
0.7325807682105473
0.7190207924161639
0.7279940715857914
0.7306506591183799
0.7267939107758659
0.7288316828863961
0.7375090675694602
0.7478143785681043
0.7191167771816254
0.7290946160043988
0.7284098863601685
0.7316571176052094
0.742088611636843
0.7416399078709739
0.7361051567963192
0.7374897386346545
0.7287844334329877
0.7651156825678689
0.7415698937007359
0.7290924659797123
0.7619495647294181
0.7233902301107135
0.7280909972531455
0.7203491585595267
0.7139630445412227
0.7290195567267281
0.7469105252197811
0.7532068533556802
0.7484189442225865
0.7336181955678123
0.7217926297869001
0.7408976001398904
0.7500806493418557
0.7242333803858075
0.7207199335098267
0.7328596413135529
0.7336950983319964
0.7429342355046954
0.7251785567828587
0.7517041351114001
0.7356332114764622
0.7433158499853951
0.7442807725497654
0.7369110328810555
0.7181901335716248
0.7207250467368534
0.7278418455805097
0.7170817128249577
0.7435134691851479
0.7235627600124904
0.7255087111677442
0.7289747851235526
0.7433257528713771
0.7371772527694702
0.7478496091706412
0.7288192170006889
0.7565339846270425
0.7429754223142352
0.7429034667355674
0.7309081469263349
0.7345608132226127
0.7392368018627167
0.7320965358189174
0.7440213986805507
0.7640221927847181
0.7354861072131565
0.7338794299534389
0.7237317136355809
0.7549935025828225
0.7411074936389923
0.7381331920623779
0.7333660040582929
0.7492270852838244
0.737370103597641
0.7436449698039463
0.7444818573338645
0.7323615550994873
0.7383712317262378
0.7324213513306209
0.7450656550271171
0.7403623078550611
0.7459368067128318
0.727643187556948
0.7400094653878894
0.7287202051707676
0.7496952840260097
0.7487456968852452
0.7504014926297324
0.7452000592436109
0.7286241267408643
0.7178626954555511
0.7437158439840589
0.7110729217529297
0.7219101573739733
0.7499849413122449
0.7465808178697314
0.7285350561141968
0.7411615976265499
0.7411141565867833
0.7488506053175245
0.7323003964764732
0.7359818603311267
0.7466204932757786
0.7093929818698338
0.7257786648614066
0.7347947571958814
0.7538346307618278
0.7300954929419926
0.7414613536425999
0.728578256709235
0.751623157943998
0.7330691175801414
0.7411549729960305
0.7314574079854148
0.7359138344015393
0.7317207413060325
0.7195580814565931
0.7558430177824838
0.7218189324651446
0.7500024778502328
0.7666558836187635
0.746413026537214
0.7276792057922908
0.7601979928357261
0.7423242926597595
0.725846311875752
0.7351721695491246
0.7158956527709961
0.7365465717656272
0.7350616753101349
0.7348426495279584
0.7268354722431728
0.7354050363813128
0.7590038691248212
0.7335146069526672
0.7392801301819938
0.7630373622689929
0.723111207996096
0.7288495259625571
0.7484941695417676
0.7410288963999067
0.7368741290909904
0.7397649117878505
0.7265068888664246
0.7308111105646405
0.743744786296572
0.7612358672278268
0.7485288424151284
0.7309755597795758
0.7304940181119102
0.7496020921639034
0.7368100455829075
0.72735025201525
0.7412194779941014
0.7349243249211993
0.7413237265178135
0.7538352608680725
0.732481232711247
0.7269224098750523
0.7443168418748038
0.7331093975475856
0.7318306607859475
0.743529566696712
0.730582697050912
0.7502081521919796
0.7212461318288531
0.7516943003450122
0.7411840260028839
0.7420270272663662
0.7533389542784009
0.7421448358467647
0.7334870440619332
0.7507477147238595
0.7142517992428371
0.7328435821192605
0.7444162198475429
0.7215423669133868
0.7280409846987043
0.7292467057704926
0.7172137839453561
0.7428665970052991
0.7569815601621356
0.7327345950262887
0.724961302110127
0.7296381848199027
0.7422116781984057
0.7292447217873165
0.7334043894495282
0.7350046421800341
0.7312070940222059
0.7513965240546635
0.7475816820349012
0.713417398078101
0.7341019851820809
0.7263967096805573
0.760484231369836
0.7227910927363804
0.7341844652380262
0.7500976536955152
0.7580452305930001
0.7382574890341077
0.7201130006994519
0.7346178846699851
0.7298878346170697
0.7412308028766087
0.7528536404882159
0.7339396774768829
0.7369449521814074
0.730055034160614
0.7652472002165658
0.7646346517971584
0.7636772223881313
0.7581208220549992
0.724409648350307
0.724796005657741
0.7239129969051906
0.7297522553375789
0.7306572156293052
0.7248199241501945
0.7300416784627097
0.749490065234048
0.707057101385934
0.7437845638820103
0.7426412786756244
0.7413619841848101
0.7447319413934436
0.7714310841900962
0.7299594240529197
0.7124988223825183
0.7655081791537148
0.7268061893326896
0.7251008408410209
0.7542483934334346
0.7382264903613499
0.734556611095156
0.7494690673691886
0.7243709351335254
0.7468467439923968
0.730605674641473
0.7270874295915876
0.7232633488518851
0.7470828933375222
0.7316414884158543
0.7419276237487793
0.7291508913040161
0.7390213140419551
0.7323229738644191
0.7603404564516885
0.7277112560612815
0.7899579320635114
0.7418114202363151
0.7234333966459546
0.7443247480051858
0.7414845526218414
0.721723177603313
0.7339773859296527
0.7368410910878863
0.7377310352666038
0.7408031736101423
0.7274466327258519
0.7379670313426426
0.7346826451165336
0.7335026604788644
0.7534482564244952
0.7199892827442714
0.7551950769765037
0.7428789351667676
0.7667999693325588
0.7301123014518193
0.7424986830779484
0.7158904203346798
0.7443081310817173
0.7269218436309269
0.7311250652585711
0.7258903043610709
0.7447789439133236
0.741820045879909
0.7459406128951481
0.735886173588889
0.7131628308977399
0.7312959475176675
0.7393304577895573
0.7487093082496098
0.7180912835257394
0.7240176669188908
0.7409106833594186
0.7352227185453687
0.7374449031693595
0.7219444215297699
0.7502376777785165
0.7402147352695465
0.7428026029041835
0.7559656969138554
0.7450209515435355
0.7327202260494232
0.7435422497136253
0.7278324450765338
0.7371478378772736
0.7255330766950335
0.7411424730505262
0.7301418142659324
0.7428817536149707
0.7516637529645648
0.7239976908479419
0.7321808380740029
0.7169695283685412
0.7425472395760673
0.7460612952709198
0.7231418703283582
0.744495119367327
0.7341897189617157
0.7253358406679971
0.7383430174418858
0.7380067322935376
0.7478502648217338
0.7388023776667458
0.7544605561665126
0.7279984312398093
0.7336388187749046
0.7464691528252193
0.7471939538206372
0.7329940497875214
0.7338311714785439
0.7418169038636344
0.7586179971694946
0.7215097716876439
0.7591899888856071
0.730018036706107
0.7336037456989288
0.7401506517614637
0.7264664045401982
0.7371706025941032
0.7351342780249459
0.7263450878007072
0.7491456610815865
0.7555865730558123
0.7475210215364184
0.7575600232396807
0.731867355959756
0.7322035261562893
0.7252566005502429
0.7452688344887325
0.7544637279851096
0.7448875308036804
0.7452119035380227
0.7303496428898403
0.7158410634313311
0.7469378667218345
0.7385712478842054
0.7434907725879124
0.7578943244048527
0.7323048710823059
0.7435931180204663
0.7373538528169904
0.7216051476342338
0.7329945521695274
0.7576819487980434
0.7365123586995261
0.7341886588505336
0.7409963735512325
0.7697593654905047
0.7683728890759605
0.7080529289586204
0.7188371590205601
0.7611435268606458
0.7294223095689502
0.7589731769902366
0.7310614628451211
0.7484925942761558
0.7253244689532689
0.7469745576381683
0.7485093218939645
0.7291097981589181
0.7350294504846845
0.7334406163011279
0.7374694134507861
0.7202232948371342
0.7404174336365291
0.7354741479669299
0.737924154315676
0.7456669466836112
0.7215966411999294
0.7240467114107949
0.7460881684507642
0.753732464143208
0.7210162792887006
0.7335961418492454
0.7355132911886487
0.7469305438654763
0.7431918595518384
0.7503469628947121
0.7356483595711845
0.7411951294967106
0.7363025290625436
0.7265456404004779
0.7592111783368247
0.7600531024592263
0.7485419298921313
0.7217006683349609
0.7260325593607766
0.7369520579065595
0.7121854977948325
0.7271625229290554
0.7336631672722953
0.7412049089159284
0.728191499199186
0.7413807468754905
0.7575333757059914
0.7643610239028931
0.7246856008257184
0.7308532467910221
0.745735798563276
0.7510702695165362
0.7295103328568595
0.734381126505988
0.7469286790915898
0.7322793900966644
0.7430540536131177
0.7190677736486707
0.7316360303333828
0.7314059351171766
0.7548355502741677
0.7400225230625698
0.7376021444797516
0.7414096380983081
0.7272674441337585
0.7239702599389213
0.7373095793383462
0.7316228534494128
0.725875198841095
0.742612898349762
0.7352045689310346
0.7311487879071917
0.7485841129507337
0.7282532325812748
0.7528325404439654
0.7554695350783212
0.732419661113194
0.726823057447161
0.7465687607015882
0.7392273630414691
0.7558754427092416
0.7238289075238364
0.7110669101987567
0.7453215718269348
0.7349444287163871
0.7396182119846344
0.74159922344344
0.7403669272150312
0.743561966078622
0.7237959035805294
0.7289130389690399
0.7342145655836377
0.7238119542598724
0.730253836938313
0.7245638583387647
0.7324497827461788
0.734790142093386
0.7474365447248731
0.7423264810017177
0.7366273828915187
0.7259815164974758
0.721489029271262
0.7239075558526176
0.729688652924129
0.7202099008219582
0.7369771727493831
0.7262613986219678
0.7392989099025726
0.7228641893182483
0.7315971681049892
0.706754880292075
0.7441375127860478
0.7251237417970385
0.7461444139480591
0.7316977807453701
0.7294564970902034
0.7422413996287754
0.7492443323135376
0.7341562935284206
0.7262672143323081
0.7161394868578229
0.727768919297627
0.7469510904380253
0.7443049379757473
0.7174527134214129
0.7632345344339099
0.7389908645834241
0.7511302828788757
0.7286114905561719
0.7597702401024955
0.7328781655856541
0.7251597430024829
0.7280674619334084
0.7424135208129883
0.7177182563713619
0.7252077886036464
0.7278968351227897
0.7295190223625728
0.7249469373907361
0.7214248010090419
0.7363761748586383
0.7333422728947231
0.7266627890723092
0.7245260519640786
0.7176964410713741
0.7292630161557879
0.7301246736730848
0.7468372455665043
0.7402178006512778
0.744752756186894
0.7355351831231799
0.7436291064534869
0.7379143195492881
0.73743793794087
0.7364806277411324
0.7446029611996242
0.7466536334582737
0.7254046840327126
0.7435235381126404
0.7501143940857479
0.737898268869945
0.7321637698582241
0.7287504204681942
0.7496393663542611
0.7347342499664852
0.7375439405441284
0.746128682579313
0.7400374071938651
0.7385938380445752
0.7399417885712215
0.7446321249008179
0.7250319932188306
0.7327635075364795
0.7356661983898708
0.7406749938215528
0.7364894364561353
0.7500282526016235
0.7248281410762242
0.73359643135752
0.7310877570084163
0.7407227456569672
0.7149569009031568
0.7333940012114388
0.7169032692909241
0.735962518623897
0.717207840510777
0.7353392796857017
0.7225692314761025
0.7168548064572471
0.7446195525782449
0.7506066603319985
0.7311959564685822
0.7308826616832188
0.7517898551055363
0.7306308618613652
0.711410403251648
0.7174219829695565
0.7477117265973773
0.7498600568090167
0.7271764874458313
0.7291553403650012
0.7329067800726209
0.7386283278465271
0.7306359708309174
0.7470073614801679
0.735549019915717
0.7387497893401554
0.7347041070461273
0.7464977971145085
0.7417996312890734
0.7325477600097656
0.7555391405309949
0.7288928287369865
0.7508276190076556
0.7405994151319776
0.7489531636238098
0.73915924344744
0.7473025619983673
0.7264531339917865
0.7491215424878257
0.7576766397271838
0.7302206371511731
0.7222807960850852
0.7426365571362632
0.7408688110964639
0.7344672637326377
0.7279484825474876
0.7453624435833522
0.729314250605447
0.7074079854147775
0.7337316487516675
0.740516185760498
0.7143749637263161
0.7309769988059998
0.739980833871024
0.7243552378245762
0.7393713252885001
0.723818050963538
0.7341793051787785
0.7561113706656865
0.7483327261039189
0.7484063250677926
0.7473842969962529
0.7284888199397496
0.7150038438183921
0.7128849072115762
0.7286945113113948
0.7386409938335419
0.7361648593630109
0.7266585315976825
0.7425252412046704
0.711243041924068
0.7331633014338357
0.7222385491643634
0.7320026159286499
0.7407887535435813
0.7349974257605416
0.7450883047921317
0.7479928306170872
0.7382442610604423
0.7345027668135506
0.7404883887086596
0.7405589393207005
0.7524206425462451
0.7487237410885947
0.7382186268057142
0.7328081471579415
0.7282453392233167
0.7384748671736036
0.7384845358984811
0.7327806268419538
0.7518718668392727
0.74461601461683
0.730500361749104
0.7379548975399562
0.7564338445663452
0.7387362590857914
0.7262334951332637
0.7311658050332751
0.7223621989999499
0.7303758050714221
0.7290865523474557
0.7427415762628827
0.7395292392798832
0.725240694625037
0.744358207498278
0.7347247132233211
0.7429072984627315
0.7479253368718284
0.7391720754759652
0.73928159901074
0.7135054681982312
0.7288670454706464
0.7293999578271594
0.7375960775784084
0.7415466095720019
0.7429018488952092
0.7288308441638947
0.7284049434321267
0.7353786187512534
0.7596706109387534
0.7308559715747833
0.7576774827071598
0.7547014015061515
0.7115433982440403
0.7315938515322549
0.7362779762063708
0.7326687531811851
0.7479960407529559
0.7489970539297376
0.7274347714015416
0.733712660414832
0.7395773615155902
0.7489430350916726
0.7414686977863312
0.729689074414117
0.7296871159757886
0.741386958530971
0.7167223777089801
0.7479941248893738
0.7253120371273586
0.7291140258312225
0.7356704771518707
0.7353461299623761
0.7286817176001412
0.7276253146784646
0.739769948380334
0.7408000997134617
0.7377926920141492
0.7417485969407218
0.7493598546300616
0.755838794367654
0.72374541418893
0.73967616047178
0.7425609486443656
0.734811680657523
0.7572906613349915
0.7269040857042585
0.7470374916281018
0.7413512979234967
0.735919360603605
0.7443688384124211
0.744107152734484
0.740412984575544
0.7398727323327746
0.7333178435053144
0.722390204668045
0.726830005645752
0.7367009477955955
0.7533800431660244
0.7299350244658334
0.7222523263522557
0.747205695935658
0.7331545650959015
0.7423414034502847
0.7286121078899929
0.7196782784802573
0.7363347070557731
0.7419701772076743
0.7225234423364911
0.7436750744070325
0.741925950561251
0.7399595039231437
0.7407787569931575
0.7377441142286573
0.7359441305909838
0.7265041300228664
0.7550462739808219
0.7431435329573495
0.7345991645540509
0.7388315924576351
0.72548651269504
0.7369008788040706
0.7373091323035104
0.7283862233161926
0.733119649546487
0.7441328423363822
0.7372177541255951
0.7304242295878274
0.7594387573855264
0.7517422905990055
0.746609491961343
0.7395068662507194
0.7388379914419991
0.7469183674880436
0.7606195253985268
0.7504260795457023
0.7325055301189423
0.7283656426838466
0.7088765289102282
0.7358227244445256
0.760261812380382
0.7490695927824292
0.7269401976040432
0.7317005566188267
0.7361240046364921
0.7351441936833518
0.7507150896957943
0.7480508216789791
0.7455924323626927
0.7325903304985592
0.7265324550015586
0.7412406206130981
0.7422241696289608
0.7300362203802381
0.738704515354974
0.7486079164913723
0.7653443345001766
0.7313295730522701
0.7198732112135205
0.7419287349496569
0.7183541400091988
0.7431106269359589
0.7288233212062291
0.7182131920542035
0.7227150840418679
0.7485814009393964
0.7125272580555507
0.7361146211624146
0.7219723292759487
0.7361490385872977
0.7290732051645007
0.7281237585203988
0.7349577290671212
0.7431415106569018
0.7314732202461788
0.7344070971012115
0.7561992619718824
0.7251545701708112
0.7263064427035195
0.7340979788984571
0.7307155643190656
0.7315662843840463
0.7481520218508584
0.7537201387541634
0.7420074897153037
0.7346909514495304
0.7380412859576089
0.728568115404674
0.7520563219274793
0.7208425615515027
0.7443328542368752
0.7320782840251923
0.7424761525222233
0.7624456201280866
0.7302799948624202
0.7476446075098855
0.7422517921243396
0.7429835540907723
0.7501009617533002
0.7328397631645203
0.7470929069178445
0.7554121017456055
0.7352982333728245
0.7354779200894492
0.7333763284342629
0.7451877338545663
0.7433235432420459
0.7353166469505855
0.7411156850201743
0.7317403512341636
0.7523007690906525
0.7188997140952519
0.7654993406363896
0.7495935005801064
0.7369903113160815
0.7292976464544024
0.7266843106065478
0.7451756596565247
0.743660352059773
0.7412093281745911
0.7248622519629342
0.7443944684096745
0.7531106344291142
0.7503409257956913
0.7488520358289991
0.7327332028320858
0.7398733964988163
0.7420188656875065
0.7687034394059863
0.7358355905328479
0.7213896853583199
0.7511303509984698
0.735993755715234
0.7350491115025112
0.7212220813546862
0.7247198607240405
0.7258960136345455
0.7216015670980725
0.7450579064232963
0.7262118203299386
0.7445112849984851
0.7337635500090463
0.7219113409519196
0.732098115342004
0.7419334394591195
0.7216073828084129
0.7348143713814872
0.7278578281402588
0.7371058208601815
0.7480872060571399
0.7411412170955113
0.7468479190553937
0.7316267788410187
0.7394472360610962
0.7381447425910405
0.7423504420689174
0.7535887403147561
0.7211309203079769
0.7331012870584216
0.7366639503410884
0.7248288180146899
0.7321364879608154
0.7355172974722726
0.7147345330033984
0.7337759690625327
0.7172993847302028
0.742399982043675
0.721961281129292
0.7340047657489777
0.7355376141411918
0.7381302671773093
0.7314420214721135
0.7304533762591225
0.7323029892785209
0.7309002152511052
0.7497868282454354
0.7413811726229531
0.7343349286488124
0.7430216286863599
0.7425979333264487
0.7256549852234977
0.7240610463278634
0.7616832937513079
0.7301900386810303
0.7406478353909084
0.7332511927400317
0.7378966936043331
0.7511994966438839
0.7227876271520343
0.7214495667389461
0.7495396435260773
0.7459884413651058
0.7380066812038422
0.7267338292939323
0.7368792252881187
0.7444577259676797
0.734296270779201
0.7592467027051109
0.7616911019597735
0.7268143253667014
0.7384068369865417
0.7544970001493182
0.73158398270607
0.7330440708569118
0.7361241621630532
0.7485086960451943
0.7397220305034092
0.7279502664293561
0.7334430643490383
0.7394338846206665
0.7364926891667503
0.7380843077387128
0.7443524897098541
0.7437988604818072
0.7420788875647953
0.7209769146783012
0.7504219242504665
0.7384430893829891
0.7376200641904559
0.7337968519755772
0.7279965877532959
0.7510755615574973
0.7367865911551884
0.7460507239614215
0.737383267709187
0.7576127137456622
0.7319624423980713
0.7351448961666652
0.7317181825637817
0.7438137786728996
0.7318373535360608
0.7556127224649701
0.7372961086886269
0.7569664120674133
0.7505289656775338
0.7354177619729724
0.7520848214626312
0.7462268386568341
0.7603692582675389
0.7382674642971584
0.7234787898404258
0.7541565809931073
0.7476693945271629
0.7350512402398246
0.7281351855822972
0.7415303928511483
0.7241526458944593
0.7243518361023494
0.7579965846879142
0.7452381380966732
0.7198235392570496
0.7549649902752468
0.7352022315774646
0.725753835269383
0.7252139704568046
0.7266337360654559
0.7368332190173013
0.7513037409101214
0.7427015687738147
0.7271386044366019
0.7383635086672646
0.7459504859788078
0.7205522741590228
0.7364069947174617
0.7297749221324921
0.7230770417622158
0.7273595418248858
0.7227971383503505
0.7330346703529358
0.7285938262939453
0.7308935906205859
0.7461300832884652
0.737946765763419
0.7362704064164843
0.7473100594111851
0.7348826059273311
0.745102047920227
0.7109930472714561
0.7329466215201786
0.7390932398183006
0.7325253997530256
0.7624034796442304
0.7474068062646049
0.7283293604850769
0.7310456761292049
0.7522454474653516
0.7388328058379037
0.7412812326635633
0.7154258574758258
0.7369555490357536
0.7310667165688106
0.7192829166139875
0.7397437989711761
0.7327523572104317
0.7181592796530042
0.7520768812724522
0.7397071421146393
0.7196550241538456
0.7374099833624703
0.7330333037035806
0.7285225774560656
0.7404120223862785
0.7394982746669224
0.7330584696360997
0.7359336572034019
0.7411666640213558
0.7339439988136292
0.7279888987541199
0.7252468722207206
0.7415545199598584
0.7293338094438825
0.7578208829675402
0.7050532868930272
0.7365416203226361
0.7224169160638537
0.7311402857303619
0.713454510484423
0.7436800897121429
0.7313187164919717
0.7357550689152309
0.7503908915179116
0.7369470511163984
0.7395359490598951
0.7307404066835131
0.7402446397713253
0.7331154899937766
0.7456255299704415
0.7323476587023053
0.7369399283613477
0.7195056080818176
0.7234845885208675
0.7334411868027279
0.7467457524367741
0.7216592686516898
0.707937696150371
0.7331077882221767
0.7125602662563324
0.7128499746322632
0.7415949489389148
0.7325227132865361
0.7373910290854317
0.7374551977430072
0.7551750583308083
0.7140819643224988
0.7306393470082965
0.7285280014787402
0.7319873315947396
0.7515980473586491
0.7526229279381889
0.7476165762969426
0.7264368491513389
0.7338927686214447
0.7483583688735962
0.7444227465561458
0.7580119797161647
0.7359031779425484
0.7537685462406704
0.723758224930082
0.7502075135707855
0.7467932530811855
0.7264526741845267
0.728329884154456
0.7397782206535339
0.7492276728153229
0.7309233035360064
0.75229064481599
0.7406648482595172
0.7314639389514923
0.7350665671484811
0.7681814645017896
0.7282649108341762
0.7324142456054688
0.7727764333997454
0.7405395209789276
0.7263775638171605
0.7197353499276298
0.7163730348859515
0.7325462656361716
0.7383399690900531
0.7263076177665165
0.7376502496855599
0.7396467881543296
0.7383384662015098
0.7706366862569537
0.7223160181726728
0.7396818442004067
0.7213203864438194
0.7593079507350922
0.7353305688926152
0.7453545459679195
0.7485026632036481
0.7459966625486102
0.7312842266900199
0.7511163141046252
0.7414656153747013
0.7392276355198452
0.7107465394905635
0.7474956427301679
0.7473242410591671
0.7176091032368797
0.747451479945864
0.7493794475282941
0.7401487018380847
0.764052152633667
0.7336170034749168
0.7385154238768986
0.7268490152699607
0.7280617824622563
0.7260251300675529
0.7486949094704219
0.7321051188877651
0.7360383740493229
0.7526509932109288
0.7395365067890712
0.75324889591762
0.7321474637304034
0.7300317117146083
0.7314645860876355
0.7522801969732557
0.7454977078097207
0.7177333108016423
0.7349590531417302
0.7452386787959507
0.7323568974222455
0.7482467293739319
0.7436317801475525
0.7188497483730316
0.7293873940195356
0.7429922563689095
0.7199454350130898
0.7281131872109005
0.7371631520135062
0.7280601901667458
0.7284344094140189
0.738746144941875
0.7567759837423053
0.7497191556862423
0.7189463121550423
0.726375550031662
0.7264618149825505
0.728273902620588
0.7369105815887451
0.7567530785288129
0.7400597163609096
0.7208176808697837
0.7519511410168239
0.7294777035713196
0.7517406088965279
0.7353877297469548
0.7038695343903133
0.7578540870121547
0.7408046807561602
0.7458083501883915
0.7379181768213
0.7399937297616687
0.7097352317401341
0.7479391694068909
0.7246043000902448
0.7436000619615827
0.7494959788663047
0.7444621452263424
0.7443773193018777
0.733986177614757
0.748492066349302
0.7252759422574725
0.7246822416782379
0.747962657894407
0.7409319451877049
0.7666633682591575
0.7446429984910148
0.7313249281474522
0.7416484568800245
0.7225613594055176
0.7184875735214779
0.7298336710248675
0.7391428649425507
0.7382123385156903
0.7435639713491712
0.7361508352415902
0.7535733452865055
0.7559431024960109
0.7497140892914363
0.7514732692922864
0.7465698421001434
0.7337076876844678
0.7365360302584512
0.7257617541721889
0.7377848923206329
0.7358531951904297
0.7147727523531232
0.7284201170716967
0.7354213552815574
0.7360521640096392
0.7296367798532758
0.7352705895900726
0.7452739775180817
0.7297019873346601
0.7418369991438729
0.7098315954208374
0.7417841340814318
0.7220015568392617
0.7392453806740897
0.7347073342118945
0.7553888005869729
0.726538211107254
0.742331577198846
0.7412516389574323
0.7394598594733647
0.7470823270933968
0.7257252548422132
0.7402181157044002
0.7493619535650525
0.7570014808859143
0.7492674035685403
0.7588769623211452
0.7361488171986171
0.7408141706671033
0.7528958490916661
0.7422586338860648
0.7207277119159698
0.733370806489672
0.7361452324049813
0.7439745153699603
0.7399293652602604
0.7239994364125388
0.730838635138103
0.7429052931921822
0.7386681267193386
0.7240288257598877
0.7465456468718392
0.7307509396757398
0.7382590642997197
0.744087564093726
0.7135877013206482
0.7422761959689004
0.7372694866997855
0.7366022680486951
0.7549920124667031
0.73749121597835
0.7332579663821629
0.7414830795356205
0.7389374545642308
0.736888757773808
0.7320658011095864
0.7169271068913596
0.7149301852498736
0.714892544916698
0.7275562924998147
0.7537615426949092
0.7559523837906974
0.7259421050548553
0.7442772431032998
0.7152434928076608
0.7227637129170554
0.7494874809469495
0.7419225020068032
0.735413887671062
0.7436366123812539
0.7392313352652958
0.7343746551445552
0.7363967725208828
0.7494841856615884
0.7370826729706356
0.7192905928407397
0.7228556871414185
0.7255578551973615
0.7382723433630807
0.7421516180038452
0.7319201316152301
0.7245832213333675
0.7416814267635345
0.7507634801524026
0.7071928381919861
0.7327604676995959
0.7527850270271301
0.739052448953901
0.7443470784596035
0.7468443300042834
0.7360932401248387
0.7429307656628745
0.7335561769349235
0.7276437410286495
0.7362864187785557
0.7302172141415733
0.7247326672077179
0.7417162699358804
0.7309040725231171
0.7394957840442657
0.7286715379783085
0.7232013515063694
0.7411378579480308
0.7423070413725716
0.7409478638853345
0.7281103943075452
0.7372747787407467
0.7474215882165092
0.7389359985079084
0.7319348156452179
0.7414915263652802
0.7097899573189872
0.7395023703575134
0.7390030920505524
0.7548012478010995
0.7382155741964068
0.7235467391354697
0.7396853608744485
0.7210244706698826
0.7349572011402675
0.7423264639718192
0.7306605620043618
0.7328042004789624
0.7218466486249652
0.7533049157687596
0.730680022920881
0.7364422721522195
0.7276306578091213
0.7444900572299957
0.7601553244250161
0.7463514336517879
0.7350217359406608
0.7609785880361285
0.7509733012744358
0.7415745982101986
0.7348823547363281
0.7562959023884365
0.7609387806483677
0.7542045329298291
0.718453368970326
0.743101396730968
0.7247284267629895
0.7329486991677966
0.7471775540283748
0.7228115456444877
0.7326036861964634
0.7417661505086082
0.735700500862939
0.7332973565374102
0.7409236601420811
0.7275764388697488
0.7495329848357609
0.7406092584133148
0.7261144135679517
0.7465856075286865
0.7530424850327628
0.7441532909870148
0.7330203184059688
0.7291981279850006
0.7275946523462024
0.7382003239222935
0.7465295493602753
0.7322936483791896
0.7495176366397313
0.7302485363824027
0.7348130941390991
0.7262448668479919
0.7359849299703326
0.7393999866076878
0.7484521525246757
0.717653248991285
0.7357706342424665
0.7468051144054958
0.7282775001866477
0.7643585503101349
0.7314278483390808
0.7235681627477918
0.7273426907403129
0.749245652130672
0.7432838593210492
0.7461048747811999
0.7529667956488473
0.7422525542122977
0.7336262081350599
0.7226914635726384
0.7365483386175973
0.7360020322459084
0.7333632920469556
0.7497773468494415
0.7491731005055564
0.7276209507669721
0.7309934582029071
0.7353153867380959
0.7488005672182355
0.7321358706269946
0.757894788469587
0.7376906658921923
0.7138118999344962
0.7250155210494995
0.7413707843848637
0.7243573921067374
0.749318220785686
0.7368490483079638
0.7398455994469779
0.7452093192509243
0.7240802305085319
0.7375512634004865
0.7456355180059161
0.7320820050580161
0.737596903528486
0.7225438526698521
0.718720406293869
0.7166521080902645
0.7412918422903333
0.733954736164638
0.7401372236864907
0.7127086860792977
0.7427802043301719
0.7460157147475651
0.7297158922467913
0.7265317738056183
0.7287944683006832
0.7460473903587886
0.7351265634809222
0.7622819244861603
0.7319742654051099
0.7513335943222046
0.7471065393515995
0.7464088031223842
0.7440016695431301
0.7516628163201469
0.7361324897834233
0.7479115767138345
0.7464129413877215
0.7290896219866616
0.739120044878551
0.7250220435006278
0.7475461704390389
0.7551431698458535
0.7209700899464744
0.7242835334369114
0.7365162798336574
0.7368302771023342
0.74391308426857
0.7416474052837917
0.7249523401260376
0.7389115989208221
0.7544732221535274
0.7332145997456142
0.7426138860838754
0.7290223240852356
0.738805251462119
0.7362863591739109
0.7451313989503043
0.749593334538596
0.7610524381910052
0.7222411973135812
0.7208481218133654
0.7278673989432198
0.7577584300722394
0.741055211850575
0.7305796444416046
0.7338380600724902
0.7139618865081242
0.7437423339911869
0.7321108281612396
0.7166407406330109
0.728971323796681
0.753151672227042
0.7549483265195575
0.746087942804609
0.7253206542560032
0.7316783155713763
0.7361534450735364
0.7496314474514553
0.7564953437873295
0.7458743921348027
0.7048001289367676
0.7479850309235709
0.7396924580846514
0.7476919421127864
0.7428186110087803
0.7485156314713615
0.739911654165813
0.7241456295762744
0.7219013018267495
0.7484959832259587
0.7511905687195914
0.7398161802973066
0.7316387338297707
0.7355600382600512
0.7399426187787738
0.7290451015744891
0.7371334263256618
0.7196282361234937
0.7219484874180385
0.7357466476304191
0.7400955898421151
0.7075713489736829
0.7305820158549717
0.7277658794607434
0.7339600622653961
0.7255949590887342
0.720071575471333
0.7258969843387604
0.7362123514924731
0.7229060871260506
0.7320420103413718
0.74092783672469
0.7373400287968772
0.7265835915293012
0.7410145359379905
0.7469018016542707
0.7268834284373692
0.7200188977377755
0.749863862991333
0.7303243109158107
0.734736979007721
0.7469027766159603
0.72646878021104
0.7451622188091278
0.7429464331695012
0.7361620451722827
0.7412886236395154
0.7361441808087485
0.7475949568407876
0.749222640480314
0.7427686367716108
0.7373119422367641
0.7439968798841748
0.749339542218617
0.7420855164527893
0.742297670670918
0.7156473696231842
0.7441416467939105
0.7293063189302172
0.7283518782683781
0.7373412804944175
0.7340545739446368
0.7425131116594587
0.7328495298113141
0.7248032901968274
0.754582383802959
0.7439357723508563
0.7294252344540187
0.7403832929474967
0.7221512964793614
0.7506982173238482
0.7450192272663116
0.7188172936439514
0.7424279919692448
0.707566784960883
0.7396870085171291
0.7342016441481454
0.7525880081312997
0.7377677815301078
0.7411790106977735
0.7412675235952649
0.7456020798001971
0.7357140524046761
0.7352888200964246
0.7266738670212882
0.7596438441957746
0.7427608328206199
0.7160421524729047
0.736712566443852
0.7409624925681523
0.7360094913414547
0.7700773477554321
0.720191763980048
0.721938967704773
0.744679433958871
0.7445095522063119
0.7554743587970734
0.744928640978677
0.7288191318511963
0.7216098691735949
0.7331789221082415
0.7325128359454018
0.7294794150761196
0.7323004007339478
0.7585591120379311
0.7369548891271863
0.7288237171513694
0.7361841755253928
0.7594777643680573
0.7311265000275203
0.7487467442240033
0.7483277874333518
0.722927097763334
0.7098106018134526
0.7501179533345359
0.7037233667714256
0.7321176316056933
0.7436532378196716
0.7283291263239724
0.7206642798015049
0.7422630020550319
0.7336239431585584
0.7371335242475782
0.7387309414999825
0.7319584233420235
0.7390389101845878
0.7623201012611389
0.752542929989951
0.7422754551683154
0.7556589756693158
0.7144144816058022
0.7389340698719025
0.7388053791863578
0.7489665108067649
0.7377475202083588
0.7358156655515943
0.7165627649852208
0.7438709224973407
0.7403970445905413
0.7495674959250859
0.7483411388737815
0.7359266664300647
0.7329821118286678
0.7468728465693337
0.7445104888507298
0.747736394405365
0.7434727592127663
0.7359412567956107
0.7271500442709241
0.7362232804298401
0.7444116984094892
0.7179267661912101
0.753149505172457
0.7494958639144897
0.7310055792331696
0.7418579416615623
0.771337240934372
0.7322146041052682
0.7247988879680634
0.7555543184280396
0.7424205754484449
0.7356049546173641
0.7138901054859161
0.7232768748487745
0.7502368092536926
0.7302691340446472
0.7445304138319833
0.7443603106907436
0.7195153662136623
0.725142742906298
0.742111086845398
0.7292432061263493
0.7298211966242109
0.7426594495773315
0.738116762467793
0.7415746578148433
0.730461346251624
0.7297193918909345
0.743179691689355
0.7352371769292014
0.728527056319373
0.7467725106648037
0.7354403138160706
0.7539596387318203
0.7319483501570565
0.7417885192802974
0.7149644323757717
0.7461541295051575
0.7468292585441044
0.7507690106119428
0.729971353496824
0.7291712122304099
0.7363194993564061
0.7429929758821215
0.7501593743051801
0.7326189875602722
0.7497908983911786
0.7504685648850032
0.7392824377332415
0.7333241828850338
0.7270343516554151
0.7366951406002045
0.738574777330671
0.7465523396219526
0.7499019631317684
0.742387090410505
0.7429026748452868
0.7402750636850085
0.7284939927714211
0.7388676064355033
0.738581691469465
0.7263628840446472
0.7409328264849526
0.7376040049961635
0.733332804271153
0.7493071726390294
0.7262847679001945
0.7399970165320805
0.7535441177231925
0.7439825321946826
0.7340006572859628
0.7401733100414276
0.7634780747549874
0.7343318675245557
0.7382524396692004
0.7498231019292559
0.7341283219201225
0.7266993182046073
0.7435467839241028
0.7296700818198067
0.7321487665176392
0.7462278093610492
0.7290576866694859
0.7382526227406093
0.7302572088582175
0.7445913936410632
0.715200390134539
0.73732990026474
0.7471677490643093
0.7311535988535199
0.7483977121966225
0.7317943700722286
0.7418636722224099
0.7312010186059135
0.7330726342541831
0.7461253489766803
0.7271787907396045
0.7400386674063546
0.7530795378344399
0.7386732229164669
0.7584146686962673
0.7156707942485809
0.7381717136928013
0.7345720827579498
0.7441787081105369
0.731769072157996
0.7460258688245501
0.7315267494746617
0.741935840674809
0.7356194513184684
0.7300109565258026
0.7320229240826198
0.7240964472293854
0.7159490542752402
0.7435732441289085
0.7528345329420907
0.7437510916164943
0.7363432220050267
0.7357629196984428
0.7108241149357387
0.7398381020341601
0.7345886826515198
0.7224847589220319
0.7313149401119777
0.7283131309917995
0.7388313072068351
0.7352040026869092
0.7629102511065347
0.7537648762975421
0.7433942811829704
0.7546666136809758
0.7358951270580292
0.7389410776751382
0.7174026625497001
0.748581622328077
0.7376412238393512
0.7438484941210065
0.7214524107319968
0.7594761891024453
0.763377172606332
0.7421694823673793
0.7415651466165271
0.7441167150224958
0.750692584684917
0.7376621322972434
0.7442412972450256
0.7448150983878544
0.7092479595116207
0.7409971058368683
0.7396787447588784
0.7438758824552808
0.749885482447488
0.7527157068252563
0.7467260020119804
0.7400824810777392
0.7265405910355704
0.7537030407360622
0.7245514052254813
0.7371537642819541
0.7520161441394261
0.7237632615225655
0.7353993654251099
0.7363131301743644
0.7286555596760341
0.7410647826535361
0.7228076713425773
0.7422163231032235
0.7525219448975154
0.7387110207762037
0.7485456892422268
0.7286921611854008
0.7155524747712272
0.7381784405027118
0.7417484053543636
0.7351784918989454
0.738745357309069
0.716385441167014
0.7532975162778582
0.7230252155235836
0.7243840949875968
0.7443790989262717
0.7217917995793479
0.7439958793776376
0.735890098980495
0.7599914116518838
0.7482594762529645
0.742580954517637
0.7203796378203801
0.7494308735643115
0.7514301070145198
0.7337120430810111
0.7252411757196698
0.7315691156046731
0.7408734347139087
0.7339984902313778
0.7363404291016715
0.7508023764405932
0.745996002640043
0.7513540216854641
0.7404292864458901
0.7370059149605888
0.7527441552707127
0.7174887657165527
0.7397942202431815
0.7428698326860156
0.7323941205229078
0.7529673235757011
0.7478537346635546
0.7418808809348515
0.7342181588922229
0.7343389519623348
0.7045918617929731
0.7399086015565055
0.725183197430202
0.7293372367109571
0.7303136970315661
0.7415542006492615
0.7331894593579429
0.7536450667040688
0.7392555688108716
0.7216920469488416
0.7582055628299713
0.7335707502705711
0.73724051458495
0.7275276865277972
0.7443726020199912
0.7194468379020691
0.729143568447658
0.7289677432605198
0.722634915794645
0.7373173620019641
0.7586484466280256
0.7542900698525565
0.7445956894329616
0.7610998494284493
0.7542569168976375
0.738230973482132
0.746877201965877
0.7506866199629647
0.7269772887229919
0.713640353509358
0.7461414081709725
0.7443927696772984
0.7324109418051583
0.7424499009336744
0.7515731028148106
0.7328507431915828
0.7424340801579612
0.7351167755467551
0.7276800658021655
0.7344766386917659
0.7232295487608228
0.7675158424036843
0.7213776409626007
0.7390448153018951
0.7440563142299652
0.7211216304983411
0.7271398433617183
0.7495579208646502
0.7411048710346222
0.7522335478237697
0.7394496926239559
0.7080591193267277
0.7422157909188952
0.7353493784155164
0.7289707703249795
0.7383909140314374
0.7374791758401054
0.7411925494670868
0.7470757450376239
0.739465730530875
0.7285091238362449
0.7324711297239576
0.7324493442262922
0.7274110359804971
0.7533332109451294
0.7435224269117627
0.7432046617780413
0.708799924169268
0.7338207704680306
0.7392992377281189
0.7549120656081608
0.7379966931683677
0.7267054787703923
0.7113899460860661
0.7422493951661246
0.7457941770553589
0.7330648558480399
0.7357029063361031
0.7404598593711853
0.7390466289860862
0.7233622925622123
0.7610169649124146
0.7379317964826312
0.7204353894506182
0.7398207485675812
0.7508731399263654
0.7441491186618805
0.7370827198028564
0.7322828727109092
0.7112852164677211
0.7281324820859092
0.7218903047697884
0.7558017585958753
0.7344224367822919
0.7457320647580283
0.7542070576122829
0.7115436026028225
0.7216391435691288
0.7339657076767513
0.7254628113337925
0.7371935418673924
0.7508678478854043
0.7343231226716723
0.7346163392066956
0.7429373604910714
0.7462387681007385
0.7483008205890656
0.7374610304832458
0.7434550736631665
0.7412405184337071
0.7414488281522479
0.7348819630486625
0.7409008741378784
0.7205332262175423
0.7584037227290017
0.7340184152126312
0.7581801244190761
0.7318497598171234
0.748000042779105
0.7192416446549552
0.7341009761605944
0.7223124759537833
0.7360241625990186
0.7435911297798157
0.7330367139407566
0.7416824230125972
0.7288709793772016
0.7357143504279
0.7431746891566685
0.7205603420734406
0.7338347477572305
0.7353629044124058
0.7264450703348432
0.7210680331502642
0.7436398012297494
0.7361371517181396
0.7157562715666634
0.7350358026368278
0.7412480924810682
0.7411483611379351
0.7296649175030845
0.7263336522238595
0.7409698367118835
0.7324085363319942
0.738231041601726
0.7364708823817117
0.7323120406695774
0.7412392241614205
0.7219286646161761
0.7500813092504229
0.7598834591252464
0.7448673333440509
0.7344111374446324
0.734928697347641
0.7426711278302329
0.7424829346793038
0.7436781355312893
0.7167977903570447
0.7420284620353154
0.7419708115713937
0.73947502885546
0.7402203168187823
0.7603146604129246
0.7359575842108045
0.7028716930321285
0.7292307828153882
0.7424052272524152
0.7424342504569462
0.7211404059614454
0.7474622896739415
0.730987182685307
0.7250729032925197
0.7416528037616185
0.7470025505338397
0.7137205515589032
0.7415085988385337
0.7432544912610736
0.7291850575378963
0.7493054739066533
0.7268060828958239
0.7523638606071472
0.719125760453088
0.7422156972544534
0.7352545133658818
0.733401324067797
0.7385330711092267
0.7340027902807508
0.7347238745008197
0.7356483467987606
0.7338434372629438
0.7310044510023934
0.7350246523107801
0.7264175968510764
0.738672993012837
0.7221262284687587
0.7297184893063137
0.7397675812244415
0.7246696650981903
0.7316578711782183
0.7471002042293549
0.759108671120235
0.7365072327000755
0.7335403263568878
0.7310404820101601
0.7397170535155705
0.7252570731299264
0.723017019884927
0.735551689352308
0.7343061523778098
0.7516858790602002
0.7340379485062191
0.7286943069526127
0.7436103905950274
0.7381311357021332
0.7245953125613076
0.7177867804254804
0.7445857099124363
0.7345816152436393
0.7339888044766018
0.7438677208764213
0.7417551789964948
0.746642747095653
0.7511492541858128
0.7360962331295013
0.723295978137425
0.7578799980027335
0.7155337674277169
0.7303273379802704
0.7181517779827118
0.7649734744003841
0.7502715843064445
0.7214253672531673
0.7262425635542188
0.7504369148186275
0.7273867726325989
0.7438721869673047
0.7463623923914773
0.7210012248584202
0.7296150752476284
0.741085341998509
0.7134308006082263
0.750780314207077
0.7320640214851925
0.7159276476928166
0.7317608339445931
0.7413855535643441
0.7528026189122882
0.7497100532054901
0.7476695563111987
0.7419143148830959
0.7303012950079781
0.7423396195684161
0.7536046717848096
0.738638984305518
0.7107213735580444
0.7449293732643127
0.7167739314692361
0.7525444754532405
0.7522200771740505
0.732702910900116
0.7480868526867458
0.7289856501988002
0.7372021632535117
0.7264367043972015
0.7460068506853921
0.7345662713050842
0.7236559774194445
0.7550912371703556
0.7201922237873077
0.7380969609533038
0.7475217410496303
0.7419462416853223
0.7588524435247693
0.7322162772927966
0.7246672000203814
0.7207687752587455
0.7417771858828408
0.7524989928518023
0.7420187039034707
0.7321859342711312
0.7356962646756854
0.7174476597990308
0.7391901101384845
0.7371108702250889
0.7376305035182408
0.7241283357143402
0.7335740327835083
0.7343206575938633
0.7323903228555407
0.7206481950623649
0.7307931397642408
0.7542559802532196
0.7290416657924652
0.7273416561739785
0.7321221317563739
0.7427743801048824
0.764963162796838
0.7429369730608804
0.7439102402755192
0.7390561146395547
0.7208108731678554
0.7311723147119794
0.7639287071568626
0.7374895215034485
0.7448310894625527
0.7456332487719399
0.7305113332612174
0.7326107748917171
0.7323714622429439
0.7475217282772064
0.7427227028778621
0.7271967104503086
0.7452464955193656
0.7434737682342529
0.7325458782059806
0.738156007868903
0.7244739489895957
0.7425225930554527
0.7332275893007006
0.7452191710472107
0.7459465307848794
0.7476569882461003
0.7410224250384739
0.7569412078176226
0.7422322928905487
0.7300893110888345
0.7281767470496041
0.7416143502507891
0.7459470161369869
0.7449448704719543
0.704413673707417
0.7249697872570583
0.7456945308617183
0.7298295157296317
0.7395319512912205
0.7367934712341854
0.7281996394906726
0.7377157211303711
0.7402331573622567
0.7331979274749756
0.7275674257959638
0.7459556588104793
0.7354320117405483
0.7431967599051339
0.7651394435337612
0.7212236906800952
0.7506286374160221
0.7400586221899305
0.7251443990639278
0.7428260317870549
0.7408187389373779
0.7519245232854571
0.7246862053871155
0.7513925646032605
0.7516837801252093
0.7395374391760144
0.7432740884167808
0.7515594661235809
0.7190261057444981
0.7305190903799874
0.7227887809276581
0.7421242211546216
0.7391950445515769
0.734632100377764
0.7407574909073966
0.7242372078554971
0.7435376175812313
0.7298616809504372
0.7340561832700457
0.7593711018562317
0.7270470942769732
0.7440967006342751
0.7426087387970516
0.7435258116040911
0.7459737828799656
0.7267510848385947
0.7330296763351986
0.7351655151162829
0.7481878910745893
0.7335790353161948
0.746044282402311
0.7382911188261849
0.7366878262587956
0.729515301329749
0.7546327625002179
0.7346397680895669
0.7419692192758832
0.7449071492467608
0.7466903328895569
0.7338056138583592
0.7398194372653961
0.7481102304799216
0.7235447977270398
0.7544390772070203
0.7268085479736328
0.7326685573373523
0.7386544942855835
0.7278644868305751
0.7366751985890525
0.709305043731417
0.7350848572594779
0.7294797897338867
0.7422041935580117
0.7342836686543056
0.7321487282003675
0.7275030357497079
0.7404542565345764
0.7402689797537667
0.7282224936144692
0.7425191104412079
0.7365947450910296
0.743954735142844
0.7351197217191968
0.7456300003187997
0.734111100435257
0.7560725680419377
0.7459806842463357
0.7322506904602051
0.7376482742173331
0.7348423557622092
0.7325829778398786
0.7526252525193351
0.7351896975721631
0.7436968003000531
0.7462598170552935
0.7377215964453561
0.7351242176124028
0.7484801241329738
0.7323752684252602
0.7226734799998147
0.7141823768615723
0.7210624941757747
0.7621537744998932
0.7466019562312535
0.7412937836987632
0.7090981985841479
0.7646218921457019
0.7290117527757373
0.7482517191341945
0.7200061295713697
0.72817804983684
0.721359304019383
0.7280290169375283
0.7486915034907204
0.7552859953471592
0.7294841962201255
0.7216878235340118
0.7418024029050555
0.7343537722315107
0.7428582268101829
0.7407186542238507
0.7562115149838584
0.764157405921391
0.7408568603651864
0.7186384669372013
0.7078448448862348
0.7543220179421561
0.7423887423106602
0.7386402785778046
0.7415715413434165
0.7581217161246708
0.7349058985710144
0.7398561664990017
0.7295642069407872
0.7259618299348014
0.7284634581633976
0.7349953481129238
0.7552620938846043
0.7513947997774396
0.7231466812746865
0.7389402942998069
0.7446635365486145
0.723431157214301
0.7389720891203199
0.753214853150504
0.7300383235727038
0.7371756647314344
0.7564878506319863
0.7381196022033691
0.7332151063850948
0.7292500053133283
0.7157059865338462
0.7447255338941302
0.7270440331527165
0.7311679082257407
0.7238210908004216
0.7457712803568158
0.7398751080036163
0.736415935414178
0.7603234904153007
0.7241895709718976
0.7398096535887037
0.7210971713066101
0.7524569375174386
0.7286945368562426
0.7655235018048968
0.747997488294329
0.7539162039756775
0.7643140639577594
0.7562976479530334
0.73391250201634
0.7571506244795663
0.7434965286936078
0.7453594633511135
0.7200930714607239
0.7616918214729854
0.738869879926954
0.727220607655389
0.7368980859007154
0.740169882774353
0.7420860528945923
0.7275222667625972
0.7532581984996796
0.7311219360147204
0.7373194949967521
0.7508248686790466
0.7380901915686471
0.7555776877062661
0.7499982629503522
0.7321089378425053
0.7377563629831586
0.7283061359609876
0.743342616728374
0.7423844635486603
0.738609539610999
0.7193804681301117
0.7494329299245562
0.7591394356318882
0.7504838875361851
0.7605891994067601
0.7207191458770207
0.7618438686643328
0.7389830478600093
0.7330777815410069
0.7322230935096741
0.7284394672938755
0.7399797397000449
0.7250133965696607
0.7199478873184749
0.7325398368494851
0.7542586326599121
0.7364768045289176
0.7310839635985238
0.7491982494081769
0.7403637766838074
0.757989879165377
0.7243792159216744
0.7198156714439392
0.7519265966756004
0.7413465550967625
0.7462865454810006
0.7205039518220084
0.7293182143143245
0.720088107245309
0.7323229994092669
0.73776661498206
0.7242640214306968
0.7407942797456469
0.7435367064816611
0.7281829416751862
0.7400447641100202
0.7433447199208396
0.7439092823437282
0.7336942723819188
0.7437886127403804
0.723396782364164
0.7346785920006889
0.7381429629666465
0.7395074580396924
0.7240162108625684
0.7389352023601532
0.7517737490790231
0.7393776987280164
0.73569199017116
0.7471105584076473
0.7220983547823769
0.736172365290778
0.732387091432299
0.735311678477696
0.7609670077051435
0.7272672014577048
0.7187667063304356
0.7337538770266941
0.7427849854741778
0.7474387032645089
0.730419397354126
0.7278878944260734
0.7153244742325374
0.7366737169878823
0.7273885267121452
0.7336510590144566
0.74974268249103
0.7441383855683463
0.7536663966519492
0.7327867363180433
0.7342282789094108
0.7317080284867968
0.7426638688359942
0.7411673239299229
0.7468887567520142
0.7288561420781272
0.7533405678612846
0.7528626620769501
0.7403810364859444
0.7350755887372153
0.7210456771509988
0.7385634865079608
0.7291028755051749
0.7319447951657432
0.7389200712953296
0.712355009147099
0.7330619267054966
0.7166287090097155
0.7063899082796914
0.7620916366577148
0.720921665430069
0.7206341283661979
0.7598303599017007
0.7150612601212093
0.7483911514282227
0.7223868114607674
0.7322614448411124
0.7470751191888537
0.7505051280770983
0.745890702520098
0.7542805884565625
0.7401769033500126
0.742739566734859
0.7592056947095054
0.7461615204811096
0.7607317609446389
0.741492531129292
0.7266833143574851
0.7396635413169861
0.748246852840696
0.7653982511588505
0.7364419485841479
0.7322365045547485
0.7516932955810002
0.7237256467342377
0.7434794562203544
0.7637269071170262
0.7246825397014618
0.7396628175462995
0.732831997530801
0.7356779617922646
0.7196257795606341
0.7373598558562142
0.7594327075140817
0.7410648252282824
0.7274510988167354
0.7460887006350926
0.7326204947062901
0.7332052162715367
0.7257293590477535
0.7435706896441323
0.7525402988706317
0.7390029387814658
0.7322158345154354
0.743790613753455
0.7158896497317723
0.7505665676934379
0.7443047208445412
0.7375657302992684
0.7486012067113604
0.7167710023266929
0.7407483203070504
0.7164271175861359
0.7428048593657357
0.7319433774266925
0.7273210372243609
0.7289325978074755
0.7117297351360321
0.7282151665006366
0.759595628295626
0.7446785994938442
0.7272633058684213
0.7364749610424042
0.7369842571871621
0.7453949281147548
0.7402605542114803
0.7286011321204049
0.7355007699557713
0.7375556485993522
0.7463448303086417
0.7215970797198159
0.748010230915887
0.7194564810820988
0.7162022037165505
0.7473084543432508
0.7364410502570016
0.743546758379255
0.7642915206296104
0.7440579916749682
0.7370478510856628
0.7395220526627132
0.7159895982061114
0.7254070724759784
0.737597644329071
0.7289140863077981
0.7528411660875592
0.7202695991311755
0.7261882977826255
0.7458356491156987
0.7287711160523551
0.7375890612602234
0.7289700252669198
0.7447678276470729
0.7390920221805573
0.734741964510509
0.7367164492607117
0.7434158963816506
0.7328554732458932
0.7396393290587834
0.7223397876535144
0.7292053699493408
0.7333700486591884
0.7352113766329629
0.7177207086767469
0.7560164502688816
0.7212977537087032
0.7188801339694432
0.7267033415181297
0.7396399847098759
0.7413540056773594
0.744155079126358
0.745983647448676
0.7331698196274894
0.7415032471929278
0.7404562022004809
0.7419174270970481
0.7322389824049813
0.716110280581883
0.7387148439884186
0.7467038077967507
0.7384819090366364
0.7546227744647435
0.7175645743097577
0.7505085638591221
0.7133973368576595
0.7252049318381718
0.7354163101741246
0.7425710346017566
0.745251647063664
0.7401757155145917
0.7358362972736359
0.7287771446364266
0.7283364576952798
0.7530386831079211
0.7459226761545453
0.7328367871897561
0.7427269092627934
0.7397280590874808
0.7323180522237506
0.7320719914776939
0.7359575544084821
0.7465465196541378
0.7374964484146663
0.7379649707249233
0.7329921892711094
0.7418669973100934
0.7510678895882198
0.7390917752470288
0.7182644775935582
0.7251617951052529
0.7181627963270459
0.7496890936579023
0.746083813054221
0.7453920458044324
0.7274925027574811
0.7336734022412982
0.7286305512700763
0.750561420406614
0.7672267726489476
0.7407299663339343
0.7493843053068433
0.7250538212912423
0.7367331896509443
0.7400812974997929
0.7553184415612902
0.7509791127273014
0.7381571786744254
0.740213326045445
0.7466813368456704
0.7293898165225983
0.7450909103666034
0.7385389293943133
0.7399857640266418
0.7382687330245972
0.7480873550687518
0.7300228519099099
0.7306471381868634
0.7398304300648826
0.7279637115342277
0.7439720417772021
0.7164810810770307
0.7512701622077397
0.735204530613763
0.7268613065992083
0.7269175520965031
0.7364931958062308
0.7530864902905056
0.7390934569495065
0.7264410427638462
0.728544294834137
0.74737605878285
0.7451126788343702
0.7340709567070007
0.729812238897596
0.7413699839796338
0.7217689071382795
0.717571347951889
0.7403906498636518
0.7484063293252673
0.7333161745752607
0.7409579115254539
0.7570936892713819
0.7341090866497585
0.7286859452724457
0.7315999397209713
0.7362488550799233
0.7399911625044686
0.7317260418619428
0.7262152518544879
0.7360703902585166
0.7475128812449319
0.7441552323954446
0.7245143141065326
0.7237398879868644
0.7229113408497402
0.7461263750280652
0.7533625534602574
0.7352231230054583
0.7292713820934296
0.738267183303833
0.7534941732883453
0.7526444494724274
0.7441470154694149
0.7277195751667023
0.733496904373169
0.7536408943789346
0.7453078499862126
0.739283161503928
0.7264081580298287
0.7306779452732631
0.7292921372822353
0.7254965731075832
0.7300545360360827
0.7424846930163247
0.7288318148681096
0.7494770543915885
0.748855995280402
0.731824917452676
0.7404318707329887
0.723329518522535
0.7366506329604557
0.7241427685533252
0.7287336673055377
0.7401480589594159
0.7363245785236359
0.7275311308247703
0.7374828457832336
0.716698944568634
0.7473250755241939
0.7292170311723437
0.7312464586326054
0.7389758399554661
0.7369357943534851
0.7420090649809156
0.7332378242697034
0.724407787833895
0.722327458006995
0.7411356738635472
0.7321768828800747
0.7420328898089272
0.7327136397361755
0.7329155462128776
0.712858476809093
0.7307612299919128
0.748787556375776
0.7555390170642308
0.739232987165451
0.7488239535263607
0.7526637486049107
0.7443835394723075
0.7107342907360622
0.732607649905341
0.7118217817374638
0.7198656669684819
0.7257857407842364
0.7350767467703138
0.7256097751004356
0.7248936210359845
0.7288505349840436
0.733483978680202
0.7406896182468959
0.7356610809053693
0.7627950395856585
0.7486461869307927
0.7505810984543392
0.7315286312784467
0.7499595625059945
0.7330497120107923
0.7203560812132699
0.7266101666859218
0.7353281336171287
0.7314947375229427
0.7559886574745178
0.744426314319883
0.7342305524008614
0.7465018289429801
0.7429262186799731
0.7404612132481166
0.7376438634736198
0.7357310269560132
0.7446702250412532
0.760756424495152
0.7456872974123273
0.7620354890823364
0.7552446680409568
0.7381010736737933
0.7429390890257699
0.7555683893816811
0.7398624633039746
0.7391831406525203
0.7212326994964054
0.7272383740970066
0.7663856617041996
0.7384472404207502
0.7255389860698155
0.730401486158371
0.7260796896048954
0.7292801865509578
0.7213165291718074
0.7319155250276838
0.7235787808895111
0.7362032234668732
0.7455735887799945
0.7423757527555738
0.7354402840137482
0.7426972474370684
0.7559403734547752
0.7346682889120919
0.7465539957795825
0.7506027902875628
0.7486720212868282
0.7476516451154437
0.7648888826370239
0.7374322244099208
0.7391657871859414
0.7161431695733752
0.7330484007086072
0.7229553461074829
0.7381516184125628
0.7437844106129238
0.7482998030526298
0.7433816875730243
0.7391937289919172
0.7357679946081979
0.7320028926645007
0.7289170239652906
0.7262404816491264
0.7270472518035344
0.7308688887528011
0.7262051488671984
0.7390732552324023
0.7384920929159436
0.72263303399086
0.7453060150146484
0.7226554325648716
0.7532210435186114
0.724104859999248
0.7249334284237453
0.7484312227794102
0.7454713710716793
0.7530878271375384
0.749563889844077
0.7568618697779519
0.7404042822974068
0.740114437682288
0.751337604863303
0.7458664945193699
0.7686240928513663
0.7250100885118756
0.7282965566430774
0.7403165485177722
0.7380871091570173
0.7578854858875275
0.7398385277816227
0.7277013191155025
0.7390688061714172
0.7376924710614341
0.7457581801073891
0.730408217225756
0.7414418842111316
0.7359756444181714
0.727646006005151
0.7212358159678323
0.7454259651047843
0.741859244448798
0.7432627379894257
0.742792180606297
0.7416008497987475
0.724594942161015
0.7277537669454303
0.7187365208353315
0.740379525082452
0.7477785476616451
0.725085186106818
0.7406912914344242
0.7311213740280696
0.7280147629124778
0.7391234764031002
0.7332178567137037
0.7376159983021873
0.7122256883553096
0.7340458929538727
0.721064737864903
0.7328392565250397
0.7232896983623505
0.7340519768851144
0.7454018209661756
0.7259856164455414
0.7397674833025251
0.7386837899684906
0.7251106372901371
0.7274818590709141
0.7223353513649532
0.7310772282736642
0.7325862348079681
0.7430957300322396
0.7554781990391868
0.7471254893711635
0.7347214221954346
0.7271168317113604
0.7312916176659721
0.7435258328914642
0.7344527627740588
0.7323358740125384
0.7417611266885485
0.7469698062964848
0.737533701317651
0.7345316920961652
0.7349074270044055
0.7210199407168797
0.7529408591134208
0.7330780369894845
0.7459398039749691
0.7461697586945125
0.7409820514065879
0.7397827804088593
0.7339659758976528
0.7180934292929513
0.7561435656888145
0.7370433722223554
0.740358510187694
0.7376659895692553
0.7513728524957385
0.7399583544049945
0.7404577902385167
0.7572946335588183
0.7387896989073072
0.747301208121436
0.7358126384871346
0.7433034820216042
0.756803708417075
0.7315558876310077
0.7258427611419133
0.7370983532496861
0.7431770392826625
0.717438063451222
0.7321418438638959
0.747038117476872
0.734392877135958
0.7437021008559636
0.7167716835226331
0.7354013792106083
0.751917621919087
0.7188718787261418
0.7370149067470005
0.720764581646238
0.7292785857404981
0.7131742026124682
0.7430067573274884
0.7365169652870723
0.748528242111206
0.7596040197781154
0.7372173411505563
0.7402919914041247
0.730928361415863
0.7286931276321411
0.7311806636197227
0.7246749017919812
0.7334407440253666
0.7401644161769322
0.7270552430834089
0.744624171938215
0.7213575669697353
0.7309599603925433
0.7358175814151764
0.7169063644749778
0.7458741664886475
0.7204189683709826
0.734245410987309
0.7222136642251696
0.7305602005549839
0.7398641790662494
0.734416880777904
0.721198924950191
0.7182447143963405
0.7355898576123374
0.7290539060320173
0.7345164290496281
0.7351816126278469
0.7426506536347526
0.7526701050145286
0.7318591773509979
0.7372653484344482
0.7086272835731506
0.7333342986447471
0.719249563557761
0.7471855878829956
0.7171198299952916
0.7338542512484959
0.7295681238174438
0.7160789668560028
0.7409645787307194
0.7549508724893842
0.751408828156335
0.7500826758997781
0.7373840936592647
0.7503571552889687
0.7428373864718846
0.7303233870438167
0.7306708140032632
0.7313570422785622
0.7357507858957563
0.7311201989650726
0.7333914424691882
0.7206140884331295
0.7319426919732775
0.7298372345311301
0.7457605089460101
0.7273426864828382
0.7302216844899314
0.7437250741890499
0.7440930902957916
0.7386306694575718
0.7317160027367728
0.7422756212098258
0.719890411411013
0.7198608560221536
0.7359042423112052
0.7532713285514286
0.746975954089846
0.7278043627738953
0.7192754873207637
0.7430330089160374
0.7488947084971836
0.7630007905619485
0.7558017032487052
0.7288260970796857
0.7411191037722996
0.7331812977790833
0.7431407655988421
0.7403740542275565
0.7207234842436654
0.7492229725633349
0.7290483329977308
0.7426456042698452
0.7257635806288038
0.7406390181609562
0.7393447458744049
0.7266629465988704
0.7096899151802063
0.7455118937151772
0.7282989578587669
0.7323705554008484
0.724689496415002
0.7228331565856934
0.7300908735820225
0.723056686776025
0.7308397846562522
0.7367908358573914
0.720845137323652
0.750705395426069
0.7289064654282161
0.7196179032325745
0.7439404385430473
0.7064818228994098
0.7528182395866939
0.7270184031554631
0.7196131476334163
0.7651844024658203
0.7428205055849892
0.7277684382029942
0.7261925680296761
0.7474181183746883
0.7293967051165444
0.7606267418180194
0.7233451221670423
0.7457051702908107
0.7302416605608804
0.7355332928044456
0.7362887646470752
0.7364938940320697
0.7179006508418492
0.7383204187665667
0.7327976397105626
0.734589913061687
0.7189330543790545
0.7474920962538038
0.73220642549651
0.7252685299941471
0.7400065745626178
0.7335569815976279
0.7297949535506112
0.7230458004134042
0.7276856260640281
0.7504781782627106
0.7255021631717682
0.7360474807875497
0.7299648991652897
0.7369648686477116
0.7426075467041561
0.7193472513130733
0.7307663687637874
0.7381170562335423
0.7461917698383331
0.7327031535761697
0.7308760966573443
0.7373565520559039
0.7291732685906547
0.7418036844049182
0.7168862095900944
0.730802697794778
0.7172476777008602
0.7286361711365836
0.7434675948960441
0.7550740497452872
0.7403916163103921
0.7273418988500323
0.7398349557604108
0.7511876268046243
0.7442520942006793
0.7259580322674343
0.7205309995583126
0.7165965608188084
0.738992588860648
0.7270857691764832
0.732589840888977
0.7496928019183022
0.7455267693315234
0.7292412434305463
0.7415938930852073
0.7016330744538989
0.7225186313901629
0.7411739102431706
0.7400736936501094
0.7394163693700518
0.7512507864407131
0.7362631814820426
0.7406719965594155
0.7293413749762944
0.7311810808522361
0.742160039288657
0.7261933726923806
0.7184756398200989
0.7435498535633087
0.7411329916545323
0.7451747442994799
0.7337771143232074
0.7363130961145673
0.7254467478820256
0.7332786619663239
0.746578540120806
0.7355506505284991
0.7316280901432037
0.7346270978450775
0.7446496146065849
0.7250222436019352
0.7486816346645355
0.7375362089702061
0.7308219926697868
0.7300377658435276
0.7290079806532178
0.7378520624978202
0.744075847523553
0.7280262580939701
0.7248668202332088
0.7388261726924351
0.7450030190604073
0.7174163290432521
0.7390803141253335
0.7350733322756631
0.7318296389920371
0.7076300765786853
0.7378295574869428
0.7487662306853703
0.7170322494847434
0.7499597413199288
0.7351955217974526
0.7251579165458679
0.727480777672359
0.737920880317688
0.7546920648642949
0.7249555204595838
0.7498461476394108
0.7460519330842155
0.7274029723235539
0.715316253049033
0.7489784530230931
0.737193192754473
0.7445009819098881
0.7471333827291217
0.7292893145765577
0.7619131888662066
0.742530597107751
0.7390380927494594
0.7451342684882027
0.7406868636608124
0.7531253695487976
0.7235167494841984
0.7447320435728345
0.7296982833317348
0.7619662242276328
0.7418417888028281
0.7545401879719326
0.7498469012124198
0.7389595210552216
0.7330554553440639
0.7416364678314754
0.7389204374381474
0.7297501308577401
0.7406251813684191
0.7520131724221366
0.7541087014334542
0.7342790705817086
0.7388526669570378
0.7442454738276345
0.7486009214605603
0.726349413394928
0.7439449940408979
0.7246080211230687
0.7294020823069981
0.7205422435488019
0.7546281218528748
0.7272690832614899
0.7397500787462506
0.7204409624849047
0.719570232289178
0.7394189792019981
0.7308147847652435
0.7160306828362601
0.7291963951928275
0.703478387423924
0.7484386691025325
0.7231400523866925
0.7341778448649815
0.7403346470424107
0.7385023321424212
0.7123778973306928
0.7324921616486141
0.7409815830843789
0.7414721250534058
0.7277212313243321
0.7252984941005707
0.7412172896521432
0.7405715669904437
0.6996547707489559
0.7533900226865496
0.7513259180954525
0.7260660742010389
0.7401202619075775
0.7433861579213824
0.7476951905659267
0.7318134094987597
0.723302811384201
0.7350361943244934
0.7177828209740775
0.7367981970310211
0.7301490392003741
0.739679251398359
0.7089418939181736
0.7195041562829699
0.7507664050374713
0.7447700883660998
0.7452730408736638
0.7197125426360539
0.7448588183947972
0.7360089932169233
0.7246508300304413
0.7467857003211975
0.7263885353292737
0.73261872785432
0.7486297701086316
0.7262090955461774
0.7254176608153752
0.7252007552555629
0.7407936922141484
0.7465655846255166
0.7292552420071193
0.751821083681924
0.7348025781767709
0.725218130009515
0.7425278169768197
0.746406010219029
0.7519817820617131
0.728372084242957
0.714859915631158
0.7128196912152427
0.7186419282640729
0.7250482908317021
0.7055647500923702
0.7105908351285117
0.7286697753838131
0.7403723767825535
0.7488570894513812
0.7486231752804348
0.7362071701458522
0.7467127272060939
0.7331824685846057
0.7467947219099317
0.7378564391817365
0.7215025510106768
0.7317283749580383
0.7123328702790397
0.7513140056814466
0.7257704905101231
0.7408003296170916
0.7189140064375741
0.7300989883286613
0.7487548674855914
0.7448805400303432
0.7112455240317753
0.7394409477710724
0.7454116089003426
0.739766504083361
0.7522087735789162
0.747900937284742
0.7413350854601178
0.7300365226609367
0.7434228318078178
0.7481941793646131
0.7410232382161277
0.7112344673701695
0.7374653688498906
0.7392730500016894
0.7476414697510856
0.7576007928167071
0.731153164591108
0.7313095288617271
0.7261567541531154
0.7429052931921822
0.7400963945048196
0.7557828170912606
0.7313067146709987
0.7224197089672089
0.7365206224577767
0.751724830695561
0.7401295006275177
0.7349601345402854
0.7475862375327519
0.7246032697813851
0.7320368162223271
0.7534746059349605
0.7514318738664899
0.7656797255788531
0.7496768449034009
0.7248624392918178
0.7306077224867684
0.7468125181538718
0.7487099596432277
0.7492665946483612
0.7214938529900142
0.7410030875887189
0.7378080189228058
0.7259769141674042
0.7511854640075138
0.7465332916804722
0.7383360735007695
0.7310429002557483
0.7441045045852661
0.7296201629298074
0.7444273744310651
0.7385316831724984
0.7375701708453042
0.7215115598269871
0.743436017206737
0.7228459715843201
0.7259347821984973
0.7295719342572349
0.746900452034814
0.7455783188343048
0.7423027370657239
0.7371347631726947
0.7340267981801715
0.7539464022432055
0.7576761628900256
0.7425943825926099
0.7399728511060987
0.7511461632592338
0.7468968374388558
0.7186970327581678
0.7266147349561963
0.7510504978043693
0.755833659853254
0.726977390902383
0.7468581455094474
0.7287473976612091
0.7336102426052094
0.7335067178521838
0.7524447015353611
0.742546830858503
0.7277724061693464
0.72647425532341
0.7346589820725578
0.7412354605538505
0.7491283714771271
0.7198178470134735
0.743717053106853
0.7335799336433411
0.7252139534269061
0.7395752966403961
0.7569990370954786
0.7262671121529171
0.7362707257270813
0.7128023505210876
0.7315593532153538
0.730445282799857
0.7524048941476005
0.7241686710289547
0.7214451134204865
0.7558608438287463
0.7494060184274401
0.738499253988266
0.752936622926167
0.7448351127760751
0.7458932612623487
0.7329888428960528
0.7341410900865283
0.7302244263035911
0.7293515120233808
0.7476843850953239
0.7484223800046104
0.7220317891665867
0.7356411346367427
0.7387621019567762
0.7369679042271206
0.7504560436521258
0.755270562001637
0.730896668774741
0.7434228828975132
0.7433375333036695
0.7314236845288958
0.7328130560261863
0.7417363056114742
0.727452461208616
0.7572708002158574
0.7229100891521999
0.7457431214196342
0.7466662270682198
0.7320309323923928
0.7368481414658683
0.7448847932474953
0.7332922262804848
0.7385560146399907
0.7510634362697601
0.7221489804131644
0.7445270121097565
0.7423975127083915
0.7360741496086121
0.7493508160114288
0.7438354705061231
0.720514076096671
0.7350878417491913
0.7457261979579926
0.7336559423378536
0.7549734243324825
0.7339089087077549
0.7380294757229942
0.7394183874130249
0.7334566456930978
0.7388989627361298
0.7316785369600568
0.7308203748294285
0.7470116146973201
0.7379595211574009
0.754623430115836
0.7385538390704564
0.755747275693076
0.7445263394287654
0.7523520972047534
0.7613496269498553
0.7326728233269283
0.7353290149143764
0.7340871947152274
0.7478376414094653
0.7530893981456757
0.7543999041829791
0.7284649695668902
0.7411454277379173
0.7266050619738442
0.753034165927342
0.7229439275605338
0.7449443127427783
0.7367155807358878
0.7447917631694249
0.752015756709235
0.7319961743695396
0.7271795698574611
0.7675355970859528
0.7376128690583366
0.7401695379189083
0.7538428519453321
0.7403277371610913
0.7516156435012817
0.7396206217152732
0.7173047661781311
0.7537617938859122
0.7487871093409402
0.7239627199513572
0.7236402460506984
0.7324764473097665
0.7438151155199323
0.7529880234173366
0.7410305057253156
0.7342165453093392
0.7518210921968732
0.7428452798298427
0.7514875744070325
0.7337985123906817
0.7206860184669495
0.7310363224574498
0.7257906539099557
0.7335834290300097
0.7311834607805524
0.7216368785926274
0.7450226545333862
0.749772310256958
0.7336641677788326
0.7381402211529868
0.7483665687697274
0.7438590100833348
0.7502771147659847
0.7346636993544442
0.718821108341217
0.721854201384953
0.7243186448301587
0.7275303474494389
0.7513953404767173
0.7292810210159847
0.7434897805963244
0.7372288916792188
0.729729733296803
0.7290353775024414
0.730292273419244
0.7500846215656826
0.7228804784161704
0.7410831706864494
0.7507163073335376
0.7391495619501386
0.7477515595299857
0.7404470997197288
0.740436737026487
0.7259577129568372
0.7362218924931118
0.7216133432728904
0.7166605762072972
0.7346119454928807
0.7496652517999921
0.747955105134419
0.7403869458607265
0.7025029361248016
0.7181887115750994
0.7421855585915702
0.7693415880203247
0.7393903945173536
0.7337609274046761
0.7358613227094922
0.7361510140555245
0.7278364385877337
0.7340384210859027
0.730123119694846
0.7361476251057216
0.7329954717840467
0.7495061116559165
0.7450032021318164
0.75108973469053
0.7314085832663945
0.7373919572149005
0.721631761108126
0.7385086374623435
0.7413747736385891
0.7166797050407955
0.7440873512199947
0.7284884963716779
0.7207812283720288
0.7515602367264884
0.7277232834271022
0.7335292824677059
0.7303072341850826
0.7183757722377777
0.7293362234319959
0.745549453156335
0.7197309476988656
0.7283569872379303
0.7351966117109571
0.7327747685568673
0.7291202417441777
0.7225305991513389
0.7385822534561157
0.7298733038561684
0.7265775970050267
0.7509001663752964
0.7304328892912183
0.7433669865131378
0.7269020634038108
0.7218400835990906
0.7504757727895465
0.7431793510913849
0.7392834510122027
0.7234950065612793
0.7450260307107653
0.7378673766340528
0.7285654161657605
0.7234992810658046
0.7454417177609035
0.7416247597762516
0.7377154997416905
0.7334039849894387
0.7432419317109245
0.7406604332583291
0.7486722895077297
0.745205819606781
0.7487332650593349
0.7548440950257438
0.7290950885840825
0.7443394448075976
0.7381219054971423
0.7694692526544843
0.7293082816260201
0.7406935266086033
0.7290158144065312
0.727547654083797
0.7349568349974496
0.7260370211941856
0.7451600858143398
0.7485789614064353
0.7355992325714656
0.7426343602793557
0.7417649286133903
0.710151093346732
0.757905295916966
0.7306563087872097
0.7119422640119281
0.7277027879442487
0.730940580368042
0.7366224825382233
0.7447399752480643
0.7158659441130502
0.7405520507267543
0.7404761867863792
0.7583587467670441
0.7535425807748523
0.7291545357022967
0.743845305272511
0.7415856037821088
0.7357240702424731
0.7498833792550224
0.7294287170682635
0.7192142988954272
0.7540691154343742
0.7428149027483804
0.7357548730713981
0.7356647806508201
0.7285478115081787
0.7371733997549329
0.7222768451486316
0.7361032494476863
0.7471685239246914
0.748443603515625
0.7289955956595284
0.7406732056822095
0.7295891259397779
0.7350276453154427
0.7378760916846139
0.7288267527307782
0.7307525404861995
0.7366863233702523
0.7260141968727112
0.7295575865677425
0.7351357085364205
0.7295470748628888
0.7458001588072095
0.7419734810079847
0.741294230733599
0.7224001203264508
0.7500997909477779
0.7324354904038566
0.7360829200063433
0.7408116970743451
0.7453190982341766
0.7348108632223946
0.7175452836922237
0.7377004964011056
0.7566839967455182
0.7526039608887264
0.7331491751330239
0.7297990833009992
0.7234227870191846
0.7622328783784594
0.7420089074543544
0.7508432907717568
0.7325859325272697
0.7221172111374992
0.7223109390054431
0.7436257387910571
0.7383822117533002
0.7491268345287868
0.7456493207386562
0.7465728521347046
0.72413427063397
0.7323716453143528
0.7307821086474827
0.7399851722376687
0.7250595092773438
0.7454841136932373
0.7309562563896179
0.7319629405226026
0.7519419108118329
0.7710359479699816
0.7322112407003131
0.7217724110398974
0.7467735282012394
0.7472146110875266
0.7307673990726471
0.7176074683666229
0.7445964600358691
0.7433050232274192
0.7409589460917881
0.7407624125480652
0.7347734996250698
0.7576230210917336
0.7427947095462254
0.7434942168848855
0.7455409807818276
0.7412545127528054
0.7345050956521716
0.7322582432201931
0.7420694274561745
0.7119765494550977
0.722393410546439
0.7577829105513436
0.7275203338691166
0.7382148461682456
0.7272970718996865
0.737971557038171
0.7545631740774427
0.7299317802701678
0.7320608837263924
0.7372502897466932
0.7256575993129185
0.7276480623653957
0.7311662222657885
0.722438999584743
0.7296338634831565
0.7371557652950287
0.7458401024341583
0.7234480934483665
0.7430254817008972
0.7437511299337659
0.7367775355066571
0.7400757244655064
0.7348294428416661
0.7273992683206286
0.7364016643592289
0.7426416575908661
0.7511245863778251
0.7398054216589246
0.7235746937138694
0.7385935357638768
0.7379359943526131
0.7548870188849313
0.7460234122616904
0.7336524128913879
0.7308194466999599
0.7277709117957524
0.7571389164243426
0.7376698894160134
0.7309416234493256
0.7383436645780291
0.7390830091067723
0.7306470445224217
0.7556397659437997
0.7289838365146092
0.7354910118239266
0.7270204893180302
0.7329307198524475
0.7435419048581805
0.728355177811214
0.7372890497956958
0.7304607672350747
0.7203194754464286
0.7299964044775281
0.7150049465043204
0.7402014860085079
0.7393309559140887
0.7228805933679853
0.7357515820435115
0.7583829121930259
0.7489114659173148
0.713107053722654
0.7407159677573613
0.7668947279453278
0.7326009954724994
0.7468719354697636
0.7304375384535108
0.7282135997499738
0.7558937541076115
0.7364502464021955
0.7363547342164176
0.7349786843572345
0.7386462560721806
0.729391119309834
0.735568812915257
0.7407486098153251
0.7461730454649244
0.7452316497053418
0.7459831408091954
0.7517144296850476
0.733313262462616
0.7412870483739036
0.7229992832456317
0.733546793460846
0.7469023891857692
0.7375720867088863
0.7467190623283386
0.7388257469449725
0.744567619902747
0.7497724975858416
0.7411601032529559
0.7370107344218663
0.7445127921445029
0.7208893384252276
0.7363710956914085
0.7331070559365409
0.7403798741953713
0.7336414158344269
0.7221593047891345
0.7343918553420475
0.7354275584220886
0.7465917553220477
0.7263775936194828
0.7186820890222277
0.726316294499806
0.7413952648639679
0.734342234475272
0.7358503597123283
0.7430327704974583
0.7533937096595764
0.7777785999434335
0.7223668651921409
0.7310147072587695
0.7143941989966801
0.7300505297524589
0.7470280570643288
0.7489363721438816
0.7462675145694188
0.7527332391057696
0.7405510374477932
0.7312050844941821
0.7463679952280862
0.7408344788210732
0.7568292319774628
0.70936490382467
0.7498181930610112
0.7264257115977151
0.7226317397185734
0.7455228269100189
0.7358405292034149
0.743816443852016
0.750631149326052
0.7328824188028064
0.7391073448317391
0.7385969161987305
0.7459262311458588
0.7397379747458867
0.724740764924458
0.7335120567253658
0.7399640211037227
0.7286278435162136
0.7551855104310172
0.7491935747010368
0.7418928274086544
0.7400219142436981
0.7296833183084216
0.737130595105035
0.7234423373426709
0.7129536271095276
0.7455981714384896
0.7382224074431828
0.7285406461783818
0.7260886899062565
0.7292264785085406
0.7331985490662711
0.7508863210678101
0.7402227861540658
0.7391244045325688
0.7219361024243491
0.7370412392275674
0.7370155538831439
0.7227986071790967
0.7386895929064069
0.7274738294737679
0.7119042149611882
0.7322464798177991
0.7652156778744289
0.7211171218327114
0.7376864211899894
0.744880667754582
0.7185499966144562
0.717037775686809
0.7372148292405265
0.7272549995354244
0.748241377728326
0.7358837638582502
0.7225534532751355
0.7423769150461469
0.7537149403776441
0.7437408225876945
0.7227864861488342
0.7368775052683694
0.7450711812291827
0.7336651725428445
0.7313460877963475
0.7222052684852055
0.7440173711095538
0.7371050885745457
0.7499196188790458
0.731175822871072
0.7370468633515495
0.7410833154405866
0.7377936371735164
0.7413335399968284
0.7355734407901764
0.7347761903490339
0.7482684126922062
0.7648884313447135
0.7563634174210685
0.7509251832962036
0.729365416935512
0.7277587907654899
0.7248943277767727
0.7517322940485818
0.7338172495365143
0.719971912247794
0.7277607619762421
0.7532205709389278
0.7304886324065072
0.7216825655528477
0.7445399037429264
0.715912286724363
0.7355781154973167
0.7441121893269675
0.7399450668266842
0.718504616192409
0.7322448066302708
0.7172129792826516
0.728913141148431
0.743013049874987
0.7120720957006726
0.762069114616939
0.7185745324407306
0.7477490305900574
0.739432807479586
0.7344320501599994
0.7378513302121844
0.7416649333068303
0.7318035193852016
0.7284700700214931
0.7365149259567261
0.7329417339393071
0.7336428080286298
0.7239318404878888
0.7525239416531154
0.710435049874442
0.7171022806848798
0.7235953424658094
0.7221993591104235
0.7176975054400307
0.7206836938858032
0.7430751493998936
0.7396021059581211
0.732125963483538
0.7445912488869258
0.7267751182828631
0.7360844995294299
0.7419558891228267
0.7230522292000907
0.7226627000740596
0.7334600687026978
0.750311438526426
0.743615346295493
0.7344061945165906
0.7342671837125506
0.7061985731124878
0.7225110573428017
0.7504534125328064
0.743442348071507
0.7374463123934609
0.7268768421241215
0.7394946898732867
0.7472095915249416
0.732072821685246
0.717737730060305
0.7338032254150936
0.737870420728411
0.7483240195683071
0.7380228468350002
0.7128486463001796
0.7376445063522884
0.7540703330721173
0.7387379961354392
0.720237557377134
0.7383233904838562
0.7190089906964984
0.7233192792960575
0.729958346911839
0.7373828589916229
0.694960743188858
0.7339614800044468
0.7386414706707001
0.7567771673202515
0.7559499101979392
0.7019760438374111
0.7135489625590188
0.7270716982228416
0.760165057012013
0.7648939532893044
0.742412520306451
0.7262125568730491
0.7282157838344574
0.7517789006233215
0.743033515555518
0.7227643983704704
0.732636992420469
0.7340039099965777
0.7256799212523869
0.7290082361016955
0.7494829680238452
0.7382409998348781
0.7581680970532554
0.7425166283335004
0.7463852167129517
0.7413062751293182
0.7244736381939479
0.775378772190639
0.7366444000176021
0.7233201776232038
0.7278018934386117
0.749059374843325
0.7275300025939941
0.7325413737978254
0.7409405836037227
0.7554582357406616
0.7302175717694419
0.7408088828836169
0.7484829808984484
0.7293549392904554
0.7384150411401477
0.7369764149188995
0.752139857837132
0.7384620138577053
0.7314941755362919
0.7486618331500462
0.72695449420384
0.7336190044879913
0.7362580852849143
0.7572515436581203
0.724965683051518
0.7212505127702441
0.7513358848435538
0.7337533789021629
0.7170194642884391
0.7236205126558032
0.733030400105885
0.7494379281997681
0.7205170903887067
0.7364401859896523
0.7120530435017177
0.7342943506581443
0.7349994225161416
0.7449299948556083
0.729472986289433
0.7356767611844199
0.7157391735485622
0.723339204277311
0.7510424511773246
0.7388998057161059
0.7509883046150208
0.7331130887780871
0.7271115439278739
0.7260803239686149
0.7443437661443438
0.7375709073884147
0.7551467333521161
0.7363104266779763
0.7329387366771698
0.7310562516961779
0.7555569325174604
0.7520735306399209
0.7292445302009583
0.7366891290460315
0.7216994762420654
0.74969254221235
0.7158719514097486
0.7632536590099335
0.7342008522578648
0.7339428152356829
0.750758192368916
0.7353349455765316
0.7247059089796883
0.7469397570405688
0.7492253269468035
0.7362764477729797
0.7502994324479785
0.7262820047991616
0.720339298248291
0.7397661464554923
0.745096892118454
0.7354188348565783
0.7449058677468982
0.7374741562775203
0.7237532564571926
0.7550591443266187
0.7281537737165179
0.7249427948679242
0.7807881917272296
0.7305688219411033
0.7560144279684339
0.740101729120527
0.7422834890229362
0.7317218014172145
0.7387686925274985
0.7356703664575305
0.737369852406638
0.7328044985021863
0.7455488528524127
0.7436953272138324
0.7427198759147099
0.727863494838987
0.7366685739585331
0.7285344430378505
0.7513977757522038
0.7468012145587376
0.7344573267868587
0.7254763203007835
0.7362107975142342
0.7595228212220329
0.7610016890934536
0.7381935375077384
0.755521650825228
0.7415745811803001
0.7467446880681174
0.7276996842452458
0.7429962158203125
0.730190566607884
0.7480781887258802
0.7292947726590293
0.7171235595430646
0.7306814364024571
0.7462742882115501
0.7350605939115796
0.7412385216781071
0.7207841319697244
0.7280858669962201
0.7341280111244747
0.741524338722229
0.7290694287845066
0.7455248492104667
0.7439289859363011
0.7646684731755938
0.7299823250089373
0.732827148267201
0.7334378404276711
0.7447626207556043
0.7375545161111015
0.729004578930991
0.7183445990085602
0.7479576255593982
0.72104064481599
0.7381318041256496
0.7527085627828326
0.7433300912380219
0.7330388597079686
0.7330913841724396
0.7791495280606406
0.7169793333326068
0.7407820693084172
0.7253270958151136
0.7246817648410797
0.712353378534317
0.7245167195796967
0.7288533917495182
0.7429764355931964
0.7164801912648338
0.7373871632984706
0.7399273897920337
0.747434275490897
0.7596900420529502
0.7637837869780404
0.7466574013233185
0.7279446039881025
0.7372669151851109
0.7388551660946437
0.7410403617790767
0.7536781600543431
0.7204754735742297
0.7253779641219548
0.7376290772642408
0.7296317517757416
0.7347974181175232
0.7418283138956342
0.7314745443207877
0.7272678485938481
0.7173967063426971
0.7400733871119363
0.7462923228740692
0.7404901513031551
0.7333153315952846
0.7216689586639404
0.7387027187006814
0.7375569726739611
0.7509297771113259
0.7367379920823234
0.7197159102984837
0.7503229890550885
0.7602783952440534
0.7418400772980281
0.7293623174939837
0.7483007098947253
0.7346201283591134
0.7450383262974876
0.7507353339876447
0.7236797043255397
0.7420175160680499
0.7352061910288674
0.7321686361517225
0.7180015317031315
0.7322420818465096
0.734877198934555
0.7387379280158451
0.7436441310814449
0.7342461049556732
0.7204540031296867
0.7414917349815369
0.7141450132642474
0.7379435811723981
0.7222143496785846
0.7172184416225978
0.7209846803120205
0.7401482122285026
0.7391663236277444
0.7283488299165454
0.7347256115504673
0.7370690660817283
0.7283098953110831
0.7468737236091069
0.7312797691140857
0.7534993205751691
0.7381759456225804
0.7497711990560804
0.7385893974985395
0.733079365321568
0.731492178780692
0.7275170343262809
0.7590581434113639
0.7456630723817008
0.7279735420431409
0.7504174368722099
0.7439619856221336
0.7387826698166984
0.7556518401418414
0.7375117923532214
0.7477855001177106
0.7407273309571403
0.7135601469448635
0.7296197627271924
0.7390439425195966
0.7145166226795742
0.7477024367877415
0.7591652997902462
0.7254965135029384
0.7389839334147317
0.7318253942898342
0.7226323357650212
0.7359921719346728
0.7313348608357566
0.7346335394041879
0.7321297228336334
0.7249499389103481
0.7603902220726013
0.7443349574293409
0.7276950180530548
0.7191427648067474
0.7500462915216174
0.7193937173911503
0.748253447668893
0.7307526000908443
0.7546412348747253
0.7364403818334851
0.7232885232993534
0.7451628829751696
0.7513343393802643
0.7435389161109924
0.7462691068649292
0.7280841640063694
0.7554189945970263
0.7515570861952645
0.7463678078992027
0.7306334035737174
0.7481416378702436
0.72685307264328
0.7121602807726178
0.7528779421533857
0.7302097465310778
0.721101565020425
0.722592192036765
0.7254603590284076
0.7281647835459027
0.7496385106018612
0.7453412285872868
0.7334543977464948
0.7430638798645565
0.7571745472294944
0.731985547712871
0.7491522942270551
0.7382126195090157
0.7316449284553528
0.7439939039094108
0.7314419661249433
0.7301156733717237
0.7362628366265979
0.7430077195167542
0.7539920040539333
0.7459803138460431
0.7326944385256086
0.7353317907878331
0.7422380021640232
0.7338285616465977
0.7258702005658831
0.7440795728138515
0.7166576683521271
0.7321568174021584
0.7350290204797473
0.7413839527538845
0.7162548388753619
0.7217819733279092
0.743757039308548
0.7510764215673719
0.7354396496500287
0.7440952275480542
0.7550522429602486
0.7220213753836495
0.7263134164469582
0.7419478041785104
0.7261762831892286
0.7368098752839225
0.744363043989454
0.7394770341260093
0.7295395987374442
0.7375592248780387
0.7383967978613717
0.7404401132038662
0.7390477529593876
0.7062720486095974
0.7360510017190661
0.7395911387034825
0.7415139291967664
0.7393850641591209
0.7261976386819567
0.7452210102762494
0.7482545886720929
0.7106013255459922
0.7233945812497821
0.7509499277387347
0.7373037465981075
0.7493278001035962
0.7155536796365466
0.7352142972605569
0.741550373179572
0.7283104956150055
0.7347078153065273
0.7630132777350289
0.7464261054992676
0.7260397970676422
0.7475773479257312
0.7484202257224492
0.7249560824462346
0.7419542755399432
0.7467961098466601
0.7369613519736699
0.7258516294615609
0.7221260070800781
0.737391356910978
0.7224629904542651
0.7366768547466823
0.7335142195224762
0.7492870731013161
0.7341739918504443
0.741515474660056
0.7326179657663617
0.7352851373808724
0.7385650873184204
0.7410985401698521
0.7371569999626705
0.7419358364173344
0.7331765294075012
0.7430370364870343
0.7159710952213832
0.7478902637958527
0.7308794515473502
0.7390873857906887
0.7475615526948657
0.705875997032438
0.7587037682533264
0.7301729917526245
0.7310900134699685
0.7388927595955985
0.7521957967962537
0.7302555910178593
0.7363225306783404
0.7399203053542546
0.736832972083773
0.7446337469986507
0.7421262775148664
0.7550089316708701
0.7333013585635594
0.7411029636859894
0.7287185362407139
0.732453316450119
0.7511426678725651
0.7309179476329258
0.7298568146569389
0.7308522292545864
0.7399289650576455
0.7436469495296478
0.7536995921816144
0.7174736899988992
0.7510788525853839
0.7390381438391549
0.7503098164285932
0.757882514170238
0.740929629121508
0.7265701719692775
0.7271938920021057
0.7403271283422198
0.7501986069338662
0.7518636073384967
0.7390683846814292
0.7347830235958099
0.7256162975515638
0.7464863019330161
0.7361959857600076
0.7498426735401154
0.7391016270433154
0.7380410049642835
0.743904458624976
0.7289125067847115
0.7343154975346157
0.7373611330986023
0.730350694486073
0.7306348255702427
0.7403937450477055
0.7236705592700413
0.7421843963009971
0.7409980467387608
0.726166192974363
0.743761671440942
0.7380960285663605
0.7176019208771842
0.7412948906421661
0.7331896594592503
0.7392699122428894
0.7409829880510058
0.7269005818026406
0.7307959837572915
0.7303558375154223
0.7436691692897252
0.705052797283445
0.7242108285427094
0.7362400548798698
0.7352373089109149
0.7255659486566272
0.7466581804411752
0.7284579404762813
0.7363556666033608
0.7359659458909716
0.738924788577216
0.7355204054287502
0.7233624926635197
0.7241080573626927
0.7428526367459979
0.7308860038008008
0.7451686305659158
0.7611742700849261
0.7460628790514809
0.7518188783100673
0.7219544904572623
0.7160098723002842
0.7297463587352208
0.7343397736549377
0.7207607541765485
0.7436382174491882
0.7338203745228904
0.7350185343197414
0.7356336968285697
0.760903571333204
0.7468265124729702
0.7476335040160588
0.7400639184883663
0.7478589287825993
0.7396957107952663
0.7394701540470123
0.7292139530181885
0.7377621190888541
0.7309346795082092
0.7456551662513188
0.7583970214639392
0.732576093503407
0.7283884882926941
0.7138347114835467
0.7572696677276066
0.7354420891829899
0.7449945083686283
0.7421871083123344
0.738369345664978
0.7417387408869607
0.718548698084695
0.7279100034918103
0.7253121393067496
0.7322079752172742
0.7242691133703504
0.7178921912397657
0.7342538450445447
0.7459797518593925
0.7425524890422821
0.7411423368113381
0.7463241943291256
0.7224704963820321
0.7547662300722939
0.7382330255849021
0.7251276884760175
0.7344278267451695
0.731165179184505
0.7168483223233905
0.7546132760388511
0.7400279002530235
0.7435576362269265
0.7540933447224754
0.7531605746064868
0.7458185510975974
0.7430902634348188
0.7436779907771519
0.7274265161582402
0.7440023635114942
0.7266408801078796
0.7476379828793662
0.7281060133661542
0.73847810285432
0.7376020806176322
0.7274791513170514
0.7472292738301414
0.7411417152200427
0.7484564696039472
0.7370799013546535
0.744216331413814
0.7384832075663975
0.7265628533703941
0.7409353724547795
0.7118147569043296
0.7282743752002716
0.7354214744908469
0.7467338017054966
0.748412719794682
0.7254937716892788
0.7309062949248722
0.7206109634467533
0.732858385358538
0.7367408403328487
0.7342310292380196
0.7298750238759177
0.7485233885901315
0.7493267570223127
0.7557867084230695
0.738285094499588
0.7311278837067741
0.7440666556358337
0.7433522343635559
0.7254189550876617
0.7380382248333522
0.7663398385047913
0.7460335620812008
0.7374932893684932
0.7446450803961072
0.7245461685316903
0.7387213281222752
0.7575029305049351
0.7224624710423606
0.7373104861804417
0.7211429306438991
0.7407197100775582
0.7412804663181305
0.7422871589660645
0.7374342467103686
0.7297494113445282
0.7491192775113242
0.7426584661006927
0.7404446814741407
0.7244452365807125
0.7344899092401777
0.7414659772600446
0.7350871435233525
0.7320521857057299
0.7562835429395948
0.7362579703330994
0.7573018968105316
0.736170061997005
0.7441404845033374
0.721067488193512
0.7382367551326752
0.7391403700624194
0.7273793944290706
0.7389593550137111
0.7297553590365818
0.734208562544414
0.7213853853089469
0.7100930469376701
0.7024117921079908
0.7444006076880864
0.7236159827028003
0.7253421928201403
0.731265446969441
0.7278349782739367
0.7465685393129077
0.7333717048168182
0.7342707557337624
0.7286893555096218
0.7497521766594478
0.7180085011890956
0.7359239757061005
0.7270958934511457
0.7460169664451054
0.7548548579216003
0.7261833548545837
0.7207368569714683
0.7372147483485085
0.7278306228773934
0.732534089258739
0.7420991957187653
0.7278672286442348
0.7254631902490344
0.7521032648427146
0.725255046572004
0.7325550147465297
0.7441770647253309
0.7389001633439746
0.7454537323543003
0.7447529094559806
0.7269091861588615
0.7519235100064959
0.7375510079520089
0.7313310418810163
0.7567819101469857
0.7523879451411111
0.752859605210168
0.730576902627945
0.7350312769412994
0.7443814320223672
0.744330495595932
0.7198535118784223
0.7240770331450871
0.7353093155792781
0.7392665701253074
0.7244003329958234
0.7343145906925201
0.7247267195156643
0.7382246213299888
0.7328586535794395
0.7110316029616764
0.732136858361108
0.7401778314794812
0.7390035433428628
0.7515617736748287
0.7160763570240566
0.7398323842457363
0.7399804847581046
0.7428699816976275
0.7175456838948386
0.7484802263123649
0.7279336367334638
0.7235421964100429
0.7543693738324302
0.7416492658002036
0.7362182310649327
0.7262752950191498
0.7430955810206277
0.760639122554234
0.7454209796019963
0.7286219767161778
0.7162170282432011
0.7185733488627842
0.7347664151872907
0.733413210936955
0.7476725791181836
0.721353816134589
0.7271070565496173
0.7528590687683651
0.7166341713496617
0.7310204080172947
0.7437636256217957
0.7342593882765088
0.7329013007027763
0.7494088155882699
0.7443268639700753
0.7362412214279175
0.7428404305662427
0.7157751151493618
0.7356100933892387
0.7321139574050903
0.7221574527876717
0.73343568614551
0.7258212906973702
0.7478760438305991
0.7412913995129722
0.7560095403875623
0.7465144693851471
0.733732785497393
0.7517369432108743
0.7275468238762447
0.742719407592501
0.7422361075878143
0.734407297202519
0.7451890919889722
0.7472609409264156
0.7412809644426618
0.7504517606326512
0.7719146183558873
0.7222453866686139
0.7403529030936105
0.7234870535986764
0.7443014894212995
0.7209227340562003
0.751026817730495
0.7245051988533565
0.7331534538950238
0.7307135675634656
0.7324746293681008
0.7355943322181702
0.7214051229613168
0.7288224526814052
0.6992338470050267
0.7332055611269814
0.7432904073170253
0.7318736612796783
0.7363531121185848
0.7272727617195675
0.741296478680202
0.7271406735692706
0.7203854663031442
0.7317810910088676
0.7368248956544059
0.7394576285566602
0.7146386674472264
0.742906221321651
0.734845233815057
0.732201099395752
0.7405386694840023
0.7149084721292768
0.7681160143443516
0.7204316854476929
0.7185533813067845
0.7449563571384975
0.7259333900042942
0.728913107088634
0.715757450887135
0.7454404149736676
0.7460470540182931
0.7277661859989166
0.7493361575262887
0.7244814719472613
0.7296163184302193
0.7467163034847805
0.7465859694140298
0.7129219004086086
0.7649761523519244
0.7186769715377263