0.6372603603771755
0.6337740250996181
0.6433054677077702
0.6444031000137329
0.6403934870447431
0.6349947154521942
0.6373868669782367
0.6510804849011558
0.6297169412885394
0.6559225959437234
0.6390538854258401
0.6477569852556501
0.6435460661138807
0.6443875900336674
0.6394696022783007
0.6444823103291648
0.637887784412929
0.6444313611303057
0.6388734877109528
0.6510213996682849
0.6338998377323151
0.6479904992239816
0.6343366801738739
0.6281832328864506
0.6420902950423104
0.6370131330830711
0.6529132085187095
0.6426474153995514
0.6458049246243068
0.6406344601086208
0.6411193822111402
0.6293210812977382
0.6345484682491848
0.6469656314168658
0.6434545091220311
0.6347719430923462
0.6491133187498365
0.6460367824350085
0.6482488896165576
0.6335114240646362
0.6369782728808266
0.6388977723462241
0.6433431931904384
0.6407540483134133
0.63705142055239
0.6362266370228359
0.6434721350669861
0.638631705726896
0.6416541082518441
0.6447892274175372
0.6465511577469962
0.6329827776976994
0.6510628972734723
0.6388135850429535
0.6520683680261884
0.6444151146071297
0.6394055315426418
0.637921895299639
0.6388070370469775
0.6429161599704197
0.6498833979879107
0.6492466075079781
0.6321841776371002
0.6394127607345581
0.6508245808737618
0.6268060547964913
0.643287113734654
0.6586251982620784
0.6360265272004264
0.6351069680282048
0.6530789349760328
0.6303874637399401
0.6366879173687526
0.6508772415774209
0.6482314808028085
0.653640227658408
0.6505416972296578
0.6583687450204577
0.6411217493670327
0.6381448549883706
0.646022800888334
0.6355169585772923
0.6385847117219653
0.6489646477358681
0.6350416455950055
0.6343081380639758
0.6507771951811654
0.6405192996774401
0.6378804445266724
0.6326120410646711
0.6443836603845868
0.6343743801116943
0.626274802855083
0.62992981501988
0.6546939739159175
0.6424749408449445
0.6396865972450801
0.6402828991413116
0.6301528811454773
0.6611363206590924
0.6287466926234109
0.6319338977336884
0.6363475024700165
0.6465392793927874
0.6425340005329677
0.6490677041666848
0.6324599853583744
0.6485018517289843
0.6382107010909489
0.6356266396386283
0.6280772260257176
0.6264736524650029
0.6397858049188342
0.6364770701953343
0.6479690543242863
0.6352766369070325
0.6323351774896894
0.6437298783234188
0.6289375509534564
0.6412262277943748
0.6452427506446838
0.6323037700993674
0.6352303155830928
0.6347514986991882
0.6340910622051784
0.6365451046398708
0.6342689054352897
0.6415415150778634
0.6410190548215594
0.6355663112231663
0.6411741886820111
0.6439555372510638
0.6500324904918671
0.6498816353934151
0.6405837110110691
0.6616422704287938
0.6347940308707101
0.6408830668245044
0.6416117719241551
0.6403794544083732
0.636929452419281
0.6350406280585698
0.6390760498387473
0.6458848246506282
0.6416857072285244
0.6460900434425899
0.6349881589412689
0.651793224470956
0.6429343691893986
0.6384098700114659
0.6396144415651049
0.6491170695849827
0.6385919068540845
0.6443433548722949
0.6354666607720512
0.6401162317820958
0.6482463436467307
0.6519799189908164
0.6513270820890155
0.6327631218092782
0.6318832678454263
0.653106302022934
0.6571423070771354
0.6415459641388485
0.6416646795613425
0.6404755456107003
0.6401799363749368
0.6302995213440487
0.6396230927535466
0.6410882345267704
0.6339505016803741
0.6324105433055333
0.6346048414707184
0.6246754399367741
0.6252596208027431
0.6300403603485653
0.640790560415813
0.6497503987380436
0.6346396718706403
0.6354042376790728
0.6420913721833911
0.6324194584574018
0.6512314464364733
0.6412700116634369
0.6438389377934592
0.6440621401582446
0.6388179574693952
0.6511662219251905
0.6586873829364777
0.6275615096092224
0.6343584614140647
0.6362677046230861
0.6614183783531189
0.641603593315397
0.6455292275973729
0.6477918539728437
0.6498316270964486
0.6411623316151756
0.645339093038014
0.6476775365216392
0.6488653549126217
0.6342969749655042
0.651758189712252
0.6416218749114445
0.6316360703536442
0.635532775095531
0.6438234874180385
0.6425794277872358
0.646871532712664
0.6350102978093284
0.6456109796251569
0.6432460035596576
0.6465882701533181
0.6328982881137303
0.6457753820078713
0.6323077380657196
0.6470104541097369
0.6679400886808123
0.6313838831015995
0.6558126764638084
0.6306558975151607
0.6491965992110116
0.6364526152610779
0.6369543629033225
0.6467074411255973
0.6355856486729213
0.6489387622901371
0.6569771255765643
0.633923032454082
0.6423137869153704
0.6320272471223559
0.6344026454857418
0.6494202698980059
0.6406990885734558
0.6579036840370723
0.6496056658881051
0.654595251594271
0.6472390208925519
0.6380208730697632
0.6588415886674609
0.6349669056279319
0.6453852525779179
0.636298520224435
0.6476724914142064
0.6370293242590768
0.6501917455877576
0.6354550463812692
0.632506651537759
0.652201064995357
0.6428238196032388
0.6498740570885795
0.6478496151311057
0.6385492086410522
0.6320797502994537
0.6408226404871259
0.6406420767307281
0.645559298140662
0.642422080039978
0.6516200474330357
0.6449801240648542
0.6437446858201709
0.6465378148215157
0.631848577942167
0.6283632516860962
0.6600112404142108
0.6457200986998421
0.639599255153111
0.6496326923370361
0.6388281158038548
0.6412639405046191
0.6409510501793453
0.6452208970274244
0.655710688659123
0.6513864653451102
0.6459978052548
0.6473049734319959
0.6486864345414298
0.6299627849033901
0.6366577574184963
0.644774147442409
0.6401445993355342
0.6407780945301056
0.6513289255755288
0.6319672550473895
0.6362686582974025
0.6296039393969944
0.6400500408240727
0.6391251853534153
0.6303448293890271
0.6413186320236751
0.6399629414081573
0.6523506258215223
0.6473295262881688
0.6362620506967817
0.6328317650726863
0.6566489892346519
0.6400581215109143
0.6456243736403329
0.6398055723735264
0.6386655781950269
0.6437054744788578
0.6400160704340253
0.641084828547069
0.6311902531555721
0.6432130336761475
0.6311055847576686
0.6253296945776258
0.6430019310542515
0.6449179138456073
0.6390549497944968
0.6301333861691611
0.6340778342315129
0.6393858024052211
0.6386381643159049
0.6318945969854083
0.6548198248658862
0.6365750219140734
0.631879666021892
0.6469763943127224
0.6440799576895577
0.6243161516530173
0.6473091116973332
0.6287651572908673
0.6465555216584887
0.6443516612052917
0.6370086371898651
0.6488948719842094
0.6425495445728302
0.646790372473853
0.636005278144564
0.6503152932439532
0.6412318306309837
0.6435846260615757
0.6495360434055328
0.6413717142173222
0.6468216138226646
0.6568613648414612
0.6419561505317688
0.6359696813992092
0.6367571651935577
0.6488659722464425
0.650102653673717
0.6298279591969081
0.6440534208502088
0.6391202807426453
0.6379451751708984
0.6362230011395046
0.6363904816763741
0.6418494369302478
0.6612804404326847
0.6366948357650212
0.6435651097978864
0.6332503855228424
0.6454545770372663
0.6456133297511509
0.639507280928748
0.6421284036976951
0.6388754418918065
0.6413731362138476
0.6412096491881779
0.6459721667425973
0.6517679946763175
0.6495221299784524
0.6272788345813751
0.640203058719635
0.6436945881162371
0.6467820235661098
0.653671566929136
0.6146876258509499
0.6369904024260384
0.647263446024486
0.64605570265225
0.6379662326404026
0.6290481516293117
0.6501375692231315
0.648109359400613
0.639579530273165
0.6362719450678144
0.6383945941925049
0.6545186851705823
0.6386382111481258
0.6460449269839695
0.6486716185297284
0.6370224697249276
0.6327700274331229
0.6431473238127572
0.6490374164921897
0.6415069401264191
0.6460215449333191
0.6469421173845019
0.626962810754776
0.6454124663557325
0.6470777903284345
0.6453488341399601
0.6544642065252576
0.6457089739186423
0.6418882054941994
0.6448717032160077
0.6551290665354047
0.6389686294964382
0.6365747451782227
0.6514259278774261
0.6439068147114345
0.6355140847819192
0.6459915935993195
0.6334268706185477
0.6532324637685504
0.6545295289584568
0.6400202810764313
0.6346749109881265
0.6596362846238273
0.6397191626685006
0.6462553654398236
0.6493577403681619
0.6538654012339455
0.645688533782959
0.6355021170207432
0.6272578494889396
0.6457678718226296
0.638644780431475
0.6388543290751321
0.6481255080018725
0.6452508100441524
0.6408726828438895
0.6324873524052756
0.6422439941338131
0.6401877658707755
0.6410945270742688
0.6394745281764439
0.6314913375037057
0.6457444301673344
0.6477468907833099
0.6426154800823757
0.6399848077978406
0.6510036332266671
0.65080526471138
0.6355564764567784
0.6464297814028603
0.6476908198424748
0.6233198983328683
0.6467887333461216
0.6606843173503876
0.6260424469198499
0.6529333378587451
0.6306961008480617
0.6514429748058319
0.6472979613712856
0.6627811661788395
0.6358632232461657
0.639960025038038
0.6351107146058764
0.6393730555261884
0.6455750380243573
0.638567077262061
0.6570381011281695
0.6347480288573674
0.6368941749845233
0.6391180540834155
0.6422391533851624
0.6398883078779493
0.6425513284546989
0.6488161640507835
0.6495098769664764
0.6430340196405139
0.6407640193189893
0.6443649785859245
0.638044284922736
0.6366804965904781
0.6531043478420803
0.6511221655777523
0.6331293497766767
0.6515220361096519
0.6487404874392918
0.630939177104405
0.6414465946810586
0.6476784731660571
0.6462980168206351
0.651862118925367
0.6371548388685498
0.6437606854098183
0.6490372334207807
0.6428826068128858
0.632138558796474
0.6445091877664838
0.6499592576708112
0.6481115434850965
0.6504171192646027
0.6311939656734467
0.6448561208588737
0.6520460844039917
0.6375533044338226
0.6289544360978263
0.6374275258609227
0.6411131875855582
0.6681413905961173
0.6353731283119747
0.6452665712152209
0.6479857861995697
0.6390498748847416
0.6382228689534324
0.6364824899605342
0.6463624664715358
0.6493688353470394
0.6453272104263306
0.6448327771254948
0.6448436166558947
0.6550864321844918
0.6522362615380969
0.6516386823994773
0.6420761474541256
0.6364065962178367
0.6535288436072213
0.6388925569398063
0.6344211569854191
0.6418449410370418
0.6508084280150277
0.6419014249529157
0.6416809345994677
0.6356777931962695
0.6382996014186314
0.6302257776260376
0.6488842112677438
0.6523743356977191
0.644669805254255
0.647254752261298
0.6422815322875977
0.6465645049299512
0.6365323449884143
0.6496209331921169
0.6419735763754163
0.6382522710732051
0.6384876923901694
0.6536880603858403
0.6361851607050214
0.6406374190534864
0.6388665607997349
0.6377343790871757
0.6490949520042965
0.6336533725261688
0.6369638826165881
0.6507205324513572
0.6389330455235073
0.6307206111294883
0.63203478710992
0.6263141504355839
0.6459584661892482
0.6387127424989428
0.6387482072625842
0.6500787394387382
0.6535121245043618
0.6281832882336208
0.6481119564601353
0.6307396462985447
0.6381420067378453
0.647586098739079
0.6493705127920423
0.6371200084686279
0.652887122971671
0.6343951863901955
0.6364831328392029
0.6363682448863983
0.6424738381590162
0.6460375998701368
0.6445949333054679
0.6406957294259753
0.643879873411996
0.6389453794275012
0.6209732123783657
0.6598830265658242
0.6497320277350289
0.6357678941317967
0.635315899338041
0.6463170988219125
0.640975649867739
0.6423739322594234
0.6558767557144165
0.6534373121602195
0.6385834089347294
0.6383429850850787
0.6411977410316467
0.6428900361061096
0.64301569546972
0.6464057181562696
0.6358024818556649
0.651200362614223
0.629355788230896
0.641695465360369
0.6390012545245034
0.6348795124462673
0.6600468243871417
0.6333830952644348
0.6490361860820225
0.6519578269549778
0.6394237109592983
0.6546337136200496
0.6568101303918021
0.6437067261763981
0.6377398158822741
0.6435108993734632
0.6394226125308445
0.6287234170096261
0.637142151594162
0.6316962582724435
0.6449705575193677
0.6511342823505402
0.6366486762251172
0.6354979872703552
0.6358267920357841
0.6484537124633789
0.6373416568551745
0.635594346693584
0.6543914547988346
0.6356426818030221
0.6405898928642273
0.6466113158634731
0.6312412449291774
0.6468208474772317
0.6439162961074284
0.6485315603869302
0.6455573907920292
0.6419056143079486
0.6466719678470066
0.64033157484872
0.6450504958629608
0.6312403167997088
0.6466798782348633
0.6315217741898128
0.6527626471860069
0.6357376107147762
0.640749671629497
0.6466317389692579
0.6489060393401554
0.6455557303769248
0.6458274381501334
0.6449493723256248
0.6364388551030841
0.6458270294325692
0.6380483380385807
0.6399185231753758
0.6378721381936755
0.6396211172853198
0.6313835978507996
0.6614526893411364
0.6470699948923928
0.6343064435890743
0.654026427439281
0.6432858024324689
0.6550810847963605
0.6514356519494738
0.6341070234775543
0.6499366887978145
0.6428711882659367
0.6423224977084568
0.6401735373905727
0.6319929701941354
0.6475831483091626
0.6478596201964787
0.6347889261586326
0.6442129569394248
0.6224331132003239
0.6354602532727378
0.6480342660631452
0.6374903704438891
0.6469076148101262
0.6433713010379246
0.6386152591024127
0.640229846749987
0.6528810092381069
0.6502669155597687
0.6507441827229091
0.6343281950269427
0.6349063175065177
0.6307762094906398
0.6463135736329215
0.641643396445683
0.631012282201222
0.6346617979662759
0.6367371337754386
0.6378681829997471
0.6442466633660453
0.6510505548545292
0.6278306118079594
0.6438504925795964
0.6473502899919238
0.6401024333068303
0.6431822776794434
0.6429357698985508
0.6355696192809513
0.6474369551454272
0.6295903835977826
0.6484270777021136
0.6534225940704346
0.6407492245946612
0.6382453313895634
0.6291258122239795
0.6472362663064685
0.6482492727892739
0.6386168130806514
0.6394813571657453
0.6449691142354693
0.6469652993338448
0.6264580871377673
0.6410822953496661
0.6423424397196088
0.6443310763154712
0.6279653055327279
0.6470015261854444
0.6468438719000135
0.6555679951395307
0.6435935752732413
0.6358779243060521
0.6418974314417157
0.6317414130483355
0.6458581813744136
0.6339196562767029
0.6565734956945691
0.6428732233388084
0.646603558744703
0.6399489726339068
0.6438600889274052
0.6394167244434357
0.6291005739143917
0.6448796221188137
0.6367832720279694
0.6473439293248313
0.650118853364672
0.65217353616442
0.6422026072229657
0.6394811144896916
0.6344006827899388
0.6397256851196289
0.6395483825887952
0.636705390044621
0.6364354406084333
0.6580997492585864
0.6370122006961277
0.6463134203638349
0.633058386189597
0.6399905128138406
0.6308747061661312
0.6329467339175088
0.6427762806415558
0.6333458466189248
0.6378322797162193
0.6397267367158618
0.6373289099761418
0.6469471326896122
0.6374785006046295
0.6371821463108063
0.6508856671197074
0.6364990047046116
0.6550100105149406
0.6326433973652976
0.6357734033039638
0.6333165679659162
0.6419425180980137
0.6561110658305032
0.6432106835501534
0.6397815431867327
0.6321920199053628
0.6499582954815456
0.651412661586489
0.6470507425921304
0.6440125788961139
0.641907913344247
0.633356613772256
0.6392711911882673
0.6429432162216732
0.6472170523234776
0.629574009350368
0.6279826249395098
0.6462151791368212
0.6345570513180324
0.6469008198806218
0.6758179792336055
0.6520988770893642
0.6341669389179775
0.6351411640644073
0.6456702692168099
0.6539784073829651
0.6461698157446725
0.6400881622518811
0.630159284387316
0.6479907419000354
0.6261019451277596
0.6313950376851218
0.6397130915096828
0.6515554700578962
0.629335458789553
0.6473864402089801
0.6380325896399361
0.6422057918139866
0.6495048063141959
0.6385879559176308
0.6339611070496696
0.6394009036677224
0.647523011480059
0.636814147233963
0.6367627297128949
0.6480670060430255
0.6386739356177193
0.633511700800487
0.6523838085787637
0.6361174029963357
0.6393683723040989
0.6395862868853978
0.6366995573043823
0.6429234147071838
0.6381612377507346
0.6313940116337368
0.6485043849263873
0.6534260000501361
0.6390442592757088
0.6405679966722216
0.6404822809355599
0.6293233718190875
0.636622931276049
0.6447883588927132
0.6464199083192008
0.6365919922079358
0.6521837796483722
0.638379475900105
0.6528877913951874
0.6417218574455806
0.646458272423063
0.6445489057472774
0.6339266640799386
0.6165983038289207
0.6364914391721997
0.6470819285937718
0.6414754007543836
0.646154625075204
0.6410875490733555
0.633952409029007
0.6514175747122083
0.6508582276957375
0.6449634262493679
0.6500415929726192
0.6484324038028717
0.6530880544866834
0.631201446056366
0.6599341716085162
0.6348153693335397
0.6317632624081203
0.6514679619244167
0.6550569917474475
0.6351808607578278
0.6447715290955135
0.6398416331836155
0.6462385058403015
0.6544069051742554
0.6404909023216793
0.6394396339144025
0.6482874793665749
0.631984783070428
0.6355327580656324
0.6492226123809814
0.6466516596930367
0.6231475855622973
0.6347053391592843
0.6499640899045127
0.6320386145796094
0.6236711187022073
0.6490507296153477
0.6348586976528168
0.6392212212085724
0.6401674619742802
0.6367867120674678
0.6516817595277514
0.63520576272692
0.6419333858149392
0.6397012514727456
0.6568326566900525
0.6480788460799626
0.639198728970119
0.6387739777565002
0.6436478325298854
0.657578034060342
0.636456561940057
0.6376832297870091
0.6437262424400875
0.6476267746516636
0.6399368643760681
0.6233968947614942
0.6494900924818856
0.6386609971523285
0.645829085792814
0.6366992209638868
0.6465463297707694
0.6467057509081704
0.652349420956203
0.6455233267375401
0.6427001101630074
0.6450337299278804
0.652303865977696
0.6417960907731738
0.6298689331327166
0.6417552658489772
0.644044999565397
0.6470933173383985
0.6372601773057666
0.6308655483382088
0.645104421036584
0.6520548846040454
0.6484591322285789
0.6371849179267883
0.6384584009647369
0.6506195366382599
0.6477600123201098
0.6575298053877694
0.6311227679252625
0.6351053885051182
0.6359191962650844
0.6528820863791874
0.6466419441359383
0.6400985675198692
0.645989430802209
0.6519884509699685
0.6408586076327732
0.6417730067457471
0.6564228917871203
0.6394763716629573
0.6301392316818237
0.6451685300895146
0.6270397135189602
0.6543344003813607
0.6319249485220227
0.6481900087424687
0.6372579251016889
0.6506567554814475
0.6524126998015812
0.6337913998535701
0.6419037495340619
0.639949368579047
0.6343760745865958
0.6351545197623116
0.6423861639840263
0.6513125726154873
0.6407757784639087
0.6355971608843122
0.6359050061021533
0.6415153699261802
0.6373920908996037
0.6535000162465232
0.6489880808762142
0.6410364806652069
0.6449268886021206
0.6523176601954869
0.6399680716650826
0.6495037504604885
0.6395392375332969
0.6432269556181771
0.6375812675271716
0.6419887074402401
0.6419310527188438
0.6427213421889714
0.6494922808238438
0.6385654083320073
0.6407258851187569
0.6490930148533413
0.6370636054447719
0.6270962272371564
0.6444116532802582
0.6354929081031254
0.6384625094277518
0.6499778032302856
0.6495566282953534
0.6525750883987972
0.6393306383064815
0.6338894920689719
0.6374063193798065
0.6419364639690944
0.6437185236385891
0.6436653520379748
0.6399173566273281
0.6490698073591504
0.6367678344249725
0.6415157829012189
0.6414447852543422
0.6370453068188259
0.6327307777745383
0.6385601588657924
0.6439802433763232
0.6388619116374424
0.6473002518926348
0.6457840715135846
0.6294288848127637
0.6404149149145398
0.6518746657030923
0.6508399375847408
0.6379900915282113
0.6452914561544146
0.6550866961479187
0.6418293757098061
0.6338348942143577
0.6325474211147853
0.6368504379476819
0.6485010640961784
0.642730006149837
0.6450483202934265
0.6521572470664978
0.6442148217133113
0.6440902054309845
0.63655686378479
0.6428224614688328
0.6379160795892987
0.6327518693038395
0.6318631938525608
0.64852574467659
0.6306236386299133
0.6437249439103263
0.6544819261346545
0.6477285708699908
0.6325574474675315
0.6573919483593532
0.6435644626617432
0.6409548435892377
0.6478840708732605
0.6374841843332563
0.634507553918021
0.6301320706095014
0.6371359697410038
0.6286457819598061
0.6508020375456128
0.6400564057486398
0.6427482153688159
0.648667207786015
0.6553596428462437
0.6471967739718301
0.6558101858411517
0.6474888282162803
0.6420081513268607
0.6565548479557037
0.6422926698412214
0.64745061312403
0.6451951222760337
0.6487422713211605
0.6546727461474282
0.650161692074367
0.6268835663795471
0.6410859142030988
0.6234875534261975
0.6452324688434601
0.6430315247603825
0.631887993642262
0.6596953017371041
0.6340632012912205
0.651453993150166
0.6545468994549343
0.6259656591074807
0.643996638911111
0.6569654813834599
0.6417878525597709
0.6339055682931628
0.6396208277770451
0.632106078522546
0.6413979870932442
0.6444620149476188
0.6415613719395229
0.6501063619341169
0.6388310023716518
0.6269815479006086
0.651969679764339
0.639684932572501
0.637390021766935
0.6463042114462171
0.6527209154197148
0.6380884349346161
0.637394619839532
0.6442708117621285
0.6431026799338204
0.6388128570147923
0.6440988183021545
0.6571697252137321
0.635977349111012
0.6459975583212716
0.6411480052130563
0.6403522363730839
0.6387211169515338
0.6393926995141166
0.6345050505229405
0.6463094992297036
0.6385708493845803
0.6346181205340794
0.6430368040289197
0.643296867609024
0.664519625050681
0.6473304501601628
0.642916853938784
0.6390848500388009
0.6437087271894727
0.6404316340173993
0.64179156933512
0.6494313052722386
0.6323273777961731
0.64800135578428
0.6526425991739545
0.643749760729926
0.642906265599387
0.6412891106946128
0.6435370870998928
0.6282929692949567
0.6314518962587629
0.6402394686426435
0.6465830717767987
0.6393926526818957
0.6551040921892438
0.634837806224823
0.6454174561159951
0.6387077101639339
0.6252316832542419
0.6390421433108193
0.6400821166379111
0.6405742083277021
0.6384813572679248
0.6392243419374738
0.6414982719080788
0.6328143775463104
0.6399919986724854
0.6356557948248727
0.6278147654873985
0.6349698305130005
0.633353590965271
0.6529068435941424
0.6498612080301557
0.6375004649162292
0.6316827578204018
0.6377316755907876
0.6314025521278381
0.6438877539975303
0.6428022342068809
0.6311173353876386
0.6569987280028207
0.6330321218286242
0.6343140304088593
0.637041551726205
0.6404301651886531
0.6479876169136592
0.6421425087111337
0.63809905733381
0.6316925414970943
0.632373183965683
0.6448818019458226
0.630869950566973
0.63728124329022
0.6384806845869336
0.644160977431706
0.64666776571955
0.6478910190718514
0.6448120261941638
0.6405511668750218
0.6361233038561684
0.6318150673593793
0.636918727840696
0.6382156695638385
0.6455076805182866
0.6409987253802163
0.6408127461160932
0.6417143387453896
0.6232881035123553
0.6511544755526951
0.6368407309055328
0.644117214850017
0.6377202229840415
0.638905759368624
0.6367423151220594
0.6621983647346497
0.6340105065277645
0.64557198541505
0.6403245627880096
0.6457815979208265
0.6454463430813381
0.6368590337889535
0.6433378500597817
0.6440393243517194
0.638626481805529
0.6411917337349483
0.6493199808256966
0.6491637229919434
0.6523069824491229
0.6529220598084586
0.6482081370694297
0.6399230999605996
0.653693152325494
0.6363156565598079
0.6460845981325422
0.6285076992852348
0.6364954284259251
0.6317691249506814
0.6518410784857613
0.6322679434503827
0.645066384758268
0.6389736405440739
0.6435633684907641
0.6509731028761182
0.645200388772147
0.6489238653864179
0.6376735780920301
0.6394073792866298
0.6471301232065473
0.6431339255401066
0.6443906681878226
0.6469649161611285
0.6416674682072231
0.6397306578499931
0.6406760854380471
0.6311517400400979
0.6321712987763541
0.6453282620225634
0.6290090126650674
0.6463576001780373
0.641792105776923
0.6359966567584446
0.6393167461667743
0.6531743577548436
0.6443171799182892
0.6356288918427059
0.6329216361045837
0.6407771621431623
0.6380382009914943
0.6488632091454097
0.6479505470820835
0.653692194393703
0.6441557918276105
0.6372046087469373
0.6407869032451085
0.6413702198437282
0.660014808177948
0.6313420363834926
0.6326971309525626
0.6322731588568006
0.6346110020365033
0.6465429748807635
0.6378561684063503
0.6353652690138135
0.6428247136729104
0.6506730020046234
0.6503587450299945
0.6351785617215293
0.6400183013507298
0.6403755630765643
0.6450163934912
0.6537619275706155
0.6364524194172451
0.6402137960706439
0.6398120607648577
0.6542030445166996
0.6383983620575496
0.6385085880756378
0.6609619344983783
0.6490319286073957
0.636372080871037
0.6406079360416957
0.6336524741990226
0.6440205020563943
0.6268330088683537
0.6290486412388938
0.6564041418688638
0.6344797696386065
0.6545487003667014
0.6398129548345294
0.6353723662240165
0.6399226018360683
0.6326570170266288
0.6577634045055935
0.6299417614936829
0.6468841220651355
0.6393763635839734
0.6367854518549783
0.648104897567204
0.6325841503483909
0.6350179825510297
0.6296787985733577
0.6404066596712384
0.6262716182640621
0.6401085300104958
0.6387950650283268
0.6341133543423244
0.639026654618127
0.6458403893879482
0.642173924616405
0.6391972005367279
0.6436982878616878
0.6313688669885907
0.6413075625896454
0.6484899691173008
0.6562369252954211
0.648635481085096
0.6348420594419751
0.6341328067438943
0.6331917728696551
0.6527760624885559
0.6485346129962376
0.6369223424366542
0.6370926201343536
0.652469026190894
0.6283615742410932
0.6471567622252873
0.6422985238688332
0.658722847700119
0.639709608895438
0.6374177890164512
0.6613141979490008
0.6222603917121887
0.6384089205946241
0.6331056356430054
0.647212986435209
0.634108419929232
0.6392402521201542
0.6506086885929108
0.6501704241548266
0.6398140873227801
0.6346104400498527
0.6390484273433685
0.6332406146185738
0.6394714074475425
0.6561125644615718
0.6341615234102521
0.6401012028966632
0.630377322435379
0.6557989461081368
0.6389860595975604
0.6505502079214368
0.6448957622051239
0.6339363370622907
0.6441644132137299
0.6335311830043793
0.6427347191742488
0.6207350535052163
0.6417051383427211
0.6497679821082524
0.6404708538736615
0.6406107885496957
0.6425004984651294
0.6314172744750977
0.6332951358386448
0.6482085968766894
0.633040692125048
0.6321254670619965
0.6355189212730953
0.6543410888739994
0.6333187009607043
0.6456846126488277
0.6398305978093829
0.6415798706667764
0.6412782413618905
0.6480495461395809
0.6264848581382206
0.6420329681464604
0.62778554218156
0.6386048580918994
0.6439171901771
0.6455926256520408
0.6506579177720206
0.6373590401240757
0.657282326902662
0.6439329811504909
0.6367474751813071
0.6553559132984706
0.6518554942948478
0.6378213550363269
0.6405052840709686
0.6518394478729793
0.6224314314978463
0.6358753740787506
0.6513308371816363
0.6322779698031289
0.6318477605070386
0.6280921357018607
0.6322684458323887
0.660559526511601
0.6443565700735364
0.6347088728632245
0.6626591725008828
0.6468763053417206
0.6345448025635311
0.6339297677789416
0.638274644102369
0.6451126464775631
0.6537921556404659
0.6578355048383985
0.6356431458677564
0.6550682229655129
0.645926799092974
0.6416077869279044
0.6400074916226524
0.6478539790425982
0.6460952801363808
0.6365286452429635
0.6485211551189423
0.6369578880923135
0.6398528516292572
0.6437149175575801
0.6465360522270203
0.6455905309745243
0.6464260773999351
0.6339628355843681
0.6501575708389282
0.6506852720464978
0.6371012798377446
0.6558222983564649
0.651899414403098
0.6553552406174796
0.6322116596358163
0.6417500078678131
0.6342526461396899
0.6405290067195892
0.628435126372746
0.6363933001245771
0.6575392612389156
0.6339052702699389
0.6354479960032872
0.634544849395752
0.6385126539639064
0.6489378554480416
0.6413190024239677
0.6483559480735234
0.638677145753588
0.6509842106274196
0.6530781899179731
0.629232121365411
0.6446355751582554
0.6406761833599636
0.6407501356942313
0.6470969787665776
0.6359101619039264
0.6239866358893258
0.6346376836299896
0.6406504937580654
0.6280206101281303
0.6420893498829433
0.6407506423337119
0.6532966835158212
0.6446802403245654
0.6539042847497123
0.6433547522340503
0.6503853287015643
0.6381550133228302
0.6396688393184117
0.6437702349254063
0.6429535107953208
0.6530781558581761
0.6403630290712629
0.6291318876402718
0.6514439284801483
0.6435650672231402
0.6324734900678907
0.6462175335202899
0.6304761554513659
0.6310303934982845
0.6599651489939008
0.639441728591919
0.6571899567331586
0.6404929842267718
0.6548237417425428
0.6470836826733181
0.6475124955177307
0.6435602307319641
0.6374214206423078
0.6301687146936145
0.6488403465066638
0.6506567341940743
0.6472684272697994
0.6308676089559283
0.624102417911802
0.6243587391717094
0.6429011651447841
0.6440933261598859
0.6559727958270481
0.6468598076275417
0.6417064581598554
0.6274318822792598
0.6375715562275478
0.6503893690449851
0.642424715416772
0.6435323825904301
0.6454676815441677
0.6528839426381248
0.6474242040089199
0.6350444981030056
0.6363825074263981
0.6403845378330776
0.6324652348245893
0.6322300348963056
0.6484033976282392
0.6365038582256862
0.6402409545012883
0.633813317332949
0.6378777836050306
0.6323719705854144
0.6499053324971881
0.6430000790527889
0.6392814942768642
0.6481145748070308
0.6579479617731911
0.6440476647445134
0.6313088110515049
0.6474143138953617
0.6435132282120841
0.6448625198432377
0.6408543714455196
0.6503049986703056
0.6337180946554456
0.6381664574146271
0.6320933273860386
0.6345714926719666
0.6365300714969635
0.6394041989530835
0.6488042303494045
0.6551884625639234
0.6386152420725141
0.6559917671339852
0.6381999381950924
0.6355623645441872
0.6377667273793902
0.6427177361079625
0.6385095970971244
0.6481658262865884
0.6339674592018127
0.6462192535400391
0.6487421308244977
0.6342446718897138
0.6389194769518716
0.6360021872179848
0.6370723588126046
0.6553490843091693
0.6522553094795772
0.644579895905086
0.6374446664537702
0.6340296907084328
0.6308927280562264
0.6477746495178768
0.644099622964859
0.6598019940512521
0.6330188512802124
0.6442765040057046
0.6426786439759391
0.6311584498201098
0.6354666863168988
0.6553175789969308
0.645751165492194
0.6270779328686851
0.645380049943924
0.6347926344190326
0.6453060592923846
0.6497423606259483
0.6308603627341134
0.6443124328340802
0.6434834854943412
0.6311476400920323
0.6348929830959865
0.6268493575709206
0.6380520761013031
0.6434449000017983
0.6405915149620601
0.6465948479516166
0.6409372006143842
0.6330317854881287
0.6366504728794098
0.6436470108372825
0.6459183011736188
0.6348902412823269
0.6324544293539864
0.6355612874031067
0.6358944433076041
0.6431722215243748
0.6430797874927521
0.6421756872109005
0.6314840529646192
0.648577060018267
0.639361879655293
0.6299881424222674
0.6363538163048881
0.6273765904562814
0.6475632318428585
0.6467192087854657
0.6397719894136701
0.6399445959499904
0.6400892266205379
0.6380556012902941
0.6355881989002228
0.6417528859206608
0.6390208729675838
0.6384598399911608
0.633908246244703
0.6447621030466897
0.6340120434761047
0.6392597258090973
0.6468996831348964
0.6399160282952445
0.6498173304966518
0.6420226224831173
0.6448461072785514
0.6479358715670449
0.6525802229131971
0.633384278842381
0.6350483596324921
0.63261878490448
0.6402562771524701
0.636842783008303
0.6495259021009717
0.639867731503078
0.6522486848490578
0.6428302015577044
0.6336007331098829
0.647041597536632
0.6512187804494586
0.6425686861787524
0.6477177441120148
0.6532892159053257
0.6351437781538282
0.6382468725953784
0.6407519749232701
0.6360195236546653
0.6469997891357967
0.6355586349964142
0.6341194978782109
0.6307900718280247
0.6460669892174857
0.6596404399190631
0.648097745009831
0.6599023512431553
0.6523878957544055
0.6350261100700924
0.6403330521924155
0.635314519916262
0.6454814204147884
0.6427012171064105
0.6306412092276982
0.6438572917665754
0.6325268830571856
0.6521413028240204
0.6478530466556549
0.6369568194661822
0.639585235289165
0.6464156465870994
0.649109137909753
0.6369986491543906
0.631799863917487
0.649586809532983
0.6435260644980839
0.6377625976290021
0.6550589161259788
0.6516483340944562
0.6477878434317452
0.637136880840574
0.6429126390389034
0.6346912980079651
0.6265326482909066
0.6382923339094434
0.6269253407205854
0.6441009385245187
0.644105749470847
0.6483674006802695
0.6420717707702092
0.6372535824775696
0.6374971185411725
0.6267872495310647
0.6392841424260821
0.6317023720060077
0.6430946716240474
0.6410512285573142
0.6421889194420406
0.6308878830501011
0.6411281866686684
0.642749731029783
0.6448701747826168
0.6384391954966954
0.6391527056694031
0.6314435941832406
0.6496253652232034
0.661261933190482
0.6468574149268014
0.6374323197773525
0.6267166606017521
0.6400337176663535
0.6418723591736385
0.6546674711363656
0.651015362569264
0.6388201713562012
0.6468372941017151
0.6303798300879342
0.6473260010991778
0.6345016445432391
0.6275250698838916
0.6426782991204943
0.6330867026533399
0.6565540730953217
0.6388695154871259
0.6511165627411434
0.6387954950332642
0.6467096039227077
0.6360789707728794
0.6369463886533465
0.641333098922457
0.6493475564888546
0.6433090482439313
0.6313578145844596
0.6412008873053959
0.634405221257891
0.648383515221732
0.6370972437517983
0.6349392746176038
0.6345720929758889
0.6365951512541089
0.6471585205623082
0.647369018622807
0.6355310039860862
0.6483705810138157
0.6349581820624215
0.6356008563722882
0.6476498331342425
0.636725766318185
0.650373888867242
0.6508306520325797
0.637721197945731
0.6408229512827737
0.6527538214411054
0.6493568335260663
0.6349502163273948
0.641079055411475
0.6323201273168836
0.624427250453404
0.6432359516620636
0.6471473957811084
0.6398974869932447
0.6318637132644653
0.635275559765952
0.6370239640985217
0.6428521658693042
0.6499156441007342
0.6275018325873783
0.6431407885892051
0.6422405157770429
0.6301970779895782
0.6330382440771375
0.632951442684446
0.6396188012191227
0.6513493486813137
0.6485374058995929
0.6473722330161503
0.6444650845868247
0.6394850526537214
0.6439988783427647
0.6223379075527191
0.6416215768882206
0.6422215700149536
0.6484558156558445
0.6295412736279624
0.6404292966638293
0.6257639442171369
0.65164715051651
0.6340296481336866
0.6501054465770721
0.6500928912843976
0.6511294416018895
0.6376166471413204
0.645452082157135
0.6431275989328112
0.6207832310880933
0.6454458917890277
0.6455415827887399
0.6424743490559714
0.6352750105517251
0.6323298811912537
0.6516690509659904
0.6312824147088187
0.6344147665160043
0.6416596514838082
0.6425208960260663
0.6366770395210811
0.6399891972541809
0.6378432938030788
0.625254967382976
0.6379236962114062
0.6423650937420982
0.6539338954857418
0.6249818631580898
0.6243949702807835
0.6400558693068368
0.650925236088889
0.6518185266426632
0.6349547249930245
0.6399290476526532
0.6347436138561794
0.6443572768143245
0.6504550618784768
0.6516842288630349
0.6476038779531207
0.6443300502640861
0.6512040070125035
0.6449279657432011
0.642238906451634
0.642006482396807
0.6492287048271724
0.6363682619162968
0.6307428479194641
0.6402072991643634
0.6335386250700269
0.6390165771756854
0.6437679146017347
0.6533455806119102
0.6531406726155963
0.6444505282810756
0.6415382240499768
0.6367150204522269
0.6450710381780352
0.6420020886829921
0.6479065545967647
0.6367653565747398
0.6339272899287087
0.6464282316820962
0.6344373183591026
0.6453236298901694
0.6355004012584686
0.6487564103943961
0.6439700637544904
0.6372505554131099
0.644962455545153
0.6513107589312962
0.6295825413295201
0.6332405763013023
0.6477016338280269
0.6475020391600472
0.6357051134109497
0.6251515660967145
0.622158578463963
0.6504220153604235
0.6631562539509365
0.6440607266766685
0.6352936497756413
0.6400195828505925
0.6520493584019798
0.6446598470211029
0.650877092565809
0.6493751108646393
0.6342924364975521
0.6346158981323242
0.6468955108097622
0.6339681702000755
0.6341884178774697
0.6440711787768773
0.6419070405619485
0.6334682745592934
0.6518747721399579
0.6413006229060036
0.630376364503588
0.6448509820869991
0.6270247655255454
0.634112856217793
0.63961033310209
0.6424376666545868
0.6391132473945618
0.6385117939540318
0.6360792730535779
0.6382097261292594
0.6459407338074276
0.6500185132026672
0.6421200207301548
0.6362291319029671
0.646261351449149
0.6458826065063477
0.6396705721105848
0.6629942655563354
0.6529092277799334
0.6393419333866665
0.650102470602308
0.6557651885918209
0.633604611669268
0.6272144913673401
0.6437631164278302
0.661171236208507
0.6455661399023873
0.6363091809409005
0.6342034637928009
0.6428316746439252
0.6393449306488037
0.6345078902585166
0.6371101183550698
0.6371556052139827
0.6360592799527305
0.640403756073543
0.6365787259169987
0.6367227818284716
0.6462285986968449
0.619505626814706
0.6426162208829608
0.6627457141876221
0.6335407325199672
0.6426692179271153
0.6256645960467202
0.6472721525600978
0.6531962624617985
0.6488061206681388
0.650847064597266
0.6449259775025504
0.6627842485904694
0.6218602657318115
0.6417090552193778
0.6466833821364811
0.6361023528235299
0.6506589863981519
0.6300565557820457
0.6396134410585675
0.6422764190605709
0.6396429921899524
0.6303331085613796
0.6415711896760123
0.6354108878544399
0.6307091968400138
0.6464713641575405
0.6332312992640904
0.6340439958231789
0.641472978251321
0.6393886378833226
0.6436056622437069
0.6345906215054649
0.6416809218270438
0.6485865073544639
0.6520285521234784
0.6564418801239559
0.6354925121579852
0.6435778864792415
0.6405711599758693
0.6395310504095895
0.6492635011672974
0.6553114226886204
0.6374934954302651
0.651740836245673
0.6343830483300346
0.6404300204345158
0.6268352951322284
0.6415431329182216
0.6333321375506265
0.6450175813266209
0.6355811102049691
0.6322959661483765
0.643812507390976
0.6246627526623862
0.6461566686630249
0.6426770048482078
0.6447210950510842
0.6457115454333169
0.6295433385031564
0.6498580319540841
0.6396498424666268
0.6487712860107422
0.6305020025798252
0.6420126983097622
0.6626116761139461
0.6533140923295703
0.6410338921206338
0.6401359183447701
0.6310384358678546
0.65256581561906
0.6358444733279092
0.6434689675058637
0.6326568339552198
0.6341307716710227
0.6365932098456791
0.6459876809801374
0.6625559329986572
0.6407084124428886
0.6433311913694654
0.6382426704679217
0.6343709017549243
0.6472101509571075
0.6445369720458984
0.6415193166051593
0.6315203351633889
0.658798064504351
0.6287533683436257
0.6339860345636096
0.6408480703830719
0.6474944353103638
0.6399166924612862
0.6472864406449454
0.6457159646919796
0.6351332451616015
0.6383775174617767
0.65436994603702
0.6364461524145943
0.6359166630676815
0.6333469663347516
0.6278770693710872
0.6401684199060712
0.6430322315011706
0.647389931338174
0.6439112893172673
0.635802686214447
0.6416573779923576
0.6365865468978882
0.6489016243389675
0.6428701707295009
0.6415955935205732
0.6530086525848934
0.6384033262729645
0.6390959748200008
0.6319005021027156
0.6340085566043854
0.6506618899958474
0.6490615137985775
0.6457667563642774
0.634132444858551
0.6463495407785688
0.6357281506061554
0.6354234516620636
0.6362992610250201
0.649379027741296
0.6490856664521354
0.6502023637294769
0.6467515741075788
0.6228792028767722
0.6467492495264325
0.6386716536113194
0.6455528480666024
0.6505904197692871
0.6461381401334491
0.6424085199832916
0.6505376824310848
0.640248430626733
0.6374034753867558
0.6509496739932469
0.6427252079759326
0.6429898398263114
0.657038118158068
0.6375641311917987
0.6374694747584206
0.6383647450378963
0.6437780942235675
0.6478637754917145
0.6493118788514819
0.6441177214894976
0.6525528686387199
0.64754918217659
0.6398526387555259
0.6269117721489498
0.6405213560376849
0.6550401364053998
0.6465685197285244
0.6322355696133205
0.6572753914764949
0.6403943342821938
0.6327633815152305
0.6419192467417035
0.6359283796378544
0.6330499649047852
0.6400523100580487
0.6276231408119202
0.6385238298348018
0.6437062961714608
0.6383007211344582
0.6371498320783887
0.6540776831763131
0.6603979255471911
0.6333470514842442
0.63899136866842
0.6477238067558834
0.6469881236553192
0.6402360584054675
0.6402964123657772
0.6489809198038918
0.6400981077126094
0.6453147913728442
0.6420048602989742
0.6322728650910514
0.6312413896833148
0.6367610352379935
0.6357589278902326
0.667233658688409
0.6289559006690979
0.6339625929083142
0.6296661964484623
0.6602060624531337
0.6407566155706134
0.6379417691911969
0.646235636302403
0.6377448993069785
0.6484043725899288
0.6316723695823124
0.646410767521177
0.6393433553831918
0.650314428976604
0.6383319284234729
0.6298727435725076
0.6315314940043858
0.6458837219646999
0.6429832279682159
0.6379193535872868
0.6345523808683667
0.6429981078420367
0.6445689414228711
0.6445118997778211
0.6375182824475425
0.6322568782738277
0.6294713233198438
0.6410849605287824
0.6370779829365867
0.6417913649763379
0.6441983112267086
0.6514020562171936
0.6396895136151995
0.6450725623539516
0.6521044586385999
0.642422194991793
0.6471433171204158
0.6570842351232257
0.6404246602739606
0.6465091790471759
0.6427405817168099
0.6438287241118295
0.6333623145307813
0.6489031442574092
0.6394877859524318
0.6497802308627537
0.6540262699127197
0.6357066886765617
0.6399035794394357
0.6516291839735848
0.6390816654477801
0.6292191829000201
0.6406202273709434
0.6445275928292956
0.6518410529409137
0.6348113885947636
0.6393791564873287
0.6134682553155082
0.6329083059515271
0.6363176277705601
0.6345316043921879
0.6392639321940286
0.6428997346333095
0.6347327445234571
0.6469518755163465
0.6439571763787951
0.6399330241339547
0.6440416106155941
0.6415991996015821
0.6426215171813965
0.6404507841382708
0.6399003139563969
0.6293135327952248
0.6452572771481105
0.6478055758135659
0.6459173730441502
0.6481283562523978
0.6356603418077741
0.6573035631861005
0.635228863784245
0.6491098361355918
0.6455168511186328
0.6325546545641763
0.6202505273478371
0.6400674411228725
0.6459067123276847
0.6420015224388668
0.6263617873191833
0.6363248101302555
0.6417070371764046
0.6262849313872201
0.6383316729749952
0.6468193062714168
0.6367296619074685
0.6532020952020373
0.6432017258235386
0.6439463113035474
0.6349322412695203
0.648134103843144
0.6396662763186863
0.6487169223172324
0.6435406718935285
0.6445785760879517
0.6488482441220965
0.6325108706951141
0.6332978308200836
0.6263804095132011
0.6308962277003697
0.6604097144944328
0.6333835124969482
0.6519761383533478
0.64762430531638
0.641776327575956
0.6428648744310651
0.6396153824669975
0.6499563923903874
0.6399546393326351
0.6478495682988848
0.6431797317096165
0.6407754165785653
0.6418823982988086
0.638473561831883
0.6243496792657035
0.6500976000513349
0.643081648009164
0.6272535409246173
0.6338869801589421
0.6423900510583606
0.6410912871360779
0.6406161529677254
0.6443602783339364
0.6380643418857029
0.6475913652351925
0.6433631352015904
0.6411699397223336
0.6359268001147679
0.6377768559115273
0.6389302057879311
0.6392824820109776
0.6466637764658246
0.6420600243977138
0.6368089105401721
0.639213570526668
0.6387475984437125
0.6473913661071232
0.6392817965575627
0.642875394650868
0.6315530155386243
0.6423301356179374
0.6297213477747781
0.6347969344684056
0.6479527311665672
0.6467072027070182
0.6384133270808628
0.6438781448772976
0.6428495304925101
0.632997738463538
0.6314518536840167
0.6479955783912114
0.635731931243624
0.6287805225167956
0.637687257358006
0.645483353308269
0.6258035344736916
0.6349630015236991
0.6405895522662571
0.6392653712204525
0.6476254548345294
0.6390670154775892
0.6234544345310756
0.6506061468805585
0.6568716381277356
0.638956585100719
0.643896392413548
0.6402293997151511
0.6441609518868583
0.6327640286513737
0.6544197074004582
0.6407144580568586
0.6362603093896594
0.641917565039226
0.6393711737224034
0.6501378246716091
0.6328604987689427
0.6323003002575466
0.6406909269945962
0.6415020610604968
0.6415812756334033
0.6348463850361961
0.6303958381925311
0.6384468632084983
0.6333604412419456
0.6536654574530465
0.6430932411125728
0.6408587438719613
0.632717136825834
0.6431026075567517
0.6524011535303933
0.6440860841955457
0.6526043713092804
0.6414701001984733
0.6474250767912183
0.6356081238814763
0.6393036884920937
0.640971451997757
0.6424966624804905
0.6553384959697723
0.6283236997468131
0.643466408763613
0.6478579938411713
0.6392431386879512
0.6306433081626892
0.6374019980430603
0.644135194165366
0.6433325239590236
0.6522471564156669
0.6388970528330121
0.6470481753349304
0.648263373545238
0.6587183134896415
0.6410843346800122
0.6493233782904488
0.6331901124545506
0.6448321257318769
0.6361210473946163
0.6339247907911029
0.6439567336014339
0.6412894896098545
0.6550432443618774
0.6405432096549443
0.6550823194640023
0.6427527368068695
0.6323656780379159
0.6327356823853084
0.6391191823141915
0.6489333382674626
0.6391202466828483
0.6304164912019458
0.6384622241769519
0.6448863702160972
0.6350009185927254
0.6378436854907444
0.6431645282677242
0.6487926287310464
0.6414467990398407
0.6372505383832114
0.6339670675141471
0.624629122870309
0.6526226443903786
0.6546050565583366
0.6375207304954529
0.6359922247273582
0.6394782704966409
0.6458888351917267
0.6303804857390267
0.6490210848195213
0.6392973576273236
0.6262427994183132
0.6345314724104745
0.6547517606190273
0.6239379346370697
0.6475630743162972
0.6405561566352844
0.6403142426695142
0.6439491978713444
0.647282430103847
0.6530648342200688
0.6523805814129966
0.6474630577223641
0.6505994541304452
0.6518114762646812
0.6467686125210353
0.6328899264335632
0.6260083786078862
0.6428844801017216
0.66818568110466
0.6421951821872166
0.6262099317141941
0.6440104033265796
0.6352980605193547
0.6583122866494315
0.6539001422269004
0.6537234442574638
0.6306770273617336
0.6349734706538064
0.635946729353496
0.6446528307029179
0.6477322322981698
0.6491140467779977
0.6232805464948926
0.6392334188733783
0.6386852732726506
0.6192873460905892
0.6502866532121386
0.6412413205419268
0.6365433590752738
0.6522616020270756
0.6575966562543597
0.636682791369302
0.6550393572875431
0.643544614315033
0.6601634493895939
0.632633992603847
0.63890683225223
0.6495033502578735
0.6370609998703003
0.6537985375949315
0.6419593904699598
0.6209661534854344
0.634149819612503
0.638613726411547
0.627742086138044
0.6343926233904702
0.6294286889689309
0.6432248779705593
0.63250618321555
0.6413072432790484
0.6439201618943896
0.643587555204119
0.646388053894043
0.6484260090759822
0.6506343654223851
0.6333789953163692
0.6514380872249603
0.650511371237891
0.6480898303644997
0.6278030489172254
0.6470431302274976
0.6345884246485574
0.6372040169579642
0.6453521549701691
0.6417696305683681
0.6364075200898307
0.6458390567983899
0.6256789267063141
0.6460129874093192
0.6459574358803886
0.6489133707114628
0.653262083019529
0.6573690218584878
0.6580280363559723
0.6364036670752934
0.6524312836783273
0.6416356989315578
0.6378410841737475
0.6409314147063664
0.647641909973962
0.6393166056701115
0.644136015857969
0.6396762941564832
0.6257356703281403
0.6370144401277814
0.6396750296865191
0.6408697409289223
0.6267659493855068
0.6561978118760246
0.6250666039330619
0.6482660514967782
0.6304750314780644
0.6550149662154061
0.6291338971682957
0.6414220801421574
0.6403308297906604
0.641669145652226
0.6405676347868783
0.6549798377922603
0.6407402583530971
0.6425215303897858
0.6382136174610683
0.6330773872988564
0.6315972592149462
0.6377023330756596
0.6433794115270887
0.6295577457972935
0.6408438895429883
0.6498289023126874
0.6412938492638725
0.635659247636795
0.6458479080881391
0.6383397877216339
0.6387685750211988
0.6477640611784798
0.6453158812863486
0.6444774866104126
0.6321633883884975
0.6446732325213296
0.6335706029619489
0.6369354980332511
0.6348614607538495
0.6446655690670013
0.6470121783869607
0.6410595391477857
0.632787789617266
0.6398001909255981
0.646550851208823
0.6562135176999229
0.6428072069372449
0.6395160853862762
0.6452096019472394
0.6423357852867672
0.6514019540378025
0.641142338514328
0.6358125805854797
0.6358634914670672
0.6344447093350547
0.6374677504811969
0.6427905346666064
0.6331010673727308
0.630914432661874
0.6339015279497419
0.6363054173333305
0.6524985092026847
0.6529531904629299
0.6326357253960201
0.641249988760267
0.6460006492478507
0.6517039835453033
0.6400952168873378
0.6532080216067178
0.6319849065371922
0.6359280475548336
0.6398959841047015
0.6415700614452362
0.6326363640172141
0.6397152032170977
0.6439963068280902
0.6598380165440696
0.6325876925672803
0.6462506779602596
0.6442742603165763
0.6517955916268485
0.6515923270157405
0.6543848557131631
0.6541640375341687
0.638915308884212
0.6437536605766842
0.6390275188854763
0.6326857251780373
0.6424636925969806
0.6327701125826154
0.6476910284587315
0.651989106621061
0.6405938608305795
0.6326754476342883
0.6588744223117828
0.6403633100645882
0.6442062088421413
0.6469036766460964
0.6425323273454394
0.6350188681057521
0.6317851500851768
0.6365719309874943
0.622865446976253
0.641970123563494
0.6523788358483996
0.6450321929795402
0.6438795328140259
0.6341784426144191
0.6378196435315269
0.6409995768751416
0.6418685742786953
0.6336762862546104
0.6459822739873614
0.6461689301899501
0.6434796282223293
0.6468687398093087
0.6461758485862187
0.6495893512453351
0.6365553523812976
0.6297012312071664
0.6453965135983059
0.6471591932432992
0.6353847341878074
0.6339357878480639
0.6470568903854915
0.6562870570591518
0.6372157718454089
0.6391617953777313
0.6372190245560237
0.6279533590589251
0.6386414468288422
0.639704018831253
0.6352611695017133
0.6424054631165096
0.6422627993992397
0.6488392055034637
0.6376412638596126
0.6366866060665676
0.6427395343780518
0.6397418464933123
0.6371314014707293
0.6431789781366076
0.6447999009064266
0.6522589240755353
0.6573912586484637
0.6432590314320156
0.6539653199059623
0.6437016938413892
0.6467026940413884
0.6375235404287066
0.6471715697220394
0.6544540865080697
0.6356177840914045
0.6322828020368304
0.6498121108327594
0.6351939737796783
0.63723224401474
0.6442574560642242
0.6421785610062736
0.6487029578004565
0.6454123301165444
0.6395948358944484
0.6338322375501905
0.6518465067659106
0.6441799827984401
0.637050815990993
0.6392755891595568
0.6474827868597848
0.6271414458751678
0.6367945926530021
0.6353579333850315
0.63472238608769
0.6410187610558101
0.6345360066209521
0.6512058888162885
0.6407575990472522
0.6471945260252271
0.6383157627923148
0.6399703196116856
0.6493082131658282
0.6331188934189933
0.639292584998267
0.6372735798358917
0.6318817266396114
0.6366025677749089
0.6447439066001347
0.6313949865954263
0.6463639608451298
0.6425745104040418
0.6465647518634796
0.644170765365873
0.6352010369300842
0.6419726993356433
0.6401240229606628
0.6439041367598942
0.6558463318007333
0.6335729445729937
0.6286890251295907
0.6393389318670545
0.6452595548970359
0.6416027801377433
0.6517210134438106
0.6401737034320831
0.6408801461969104
0.635284057685307
0.6428637674876622
0.6380757178579058
0.643050913299833
0.6397234499454498
0.6313406612191882
0.6420621361051287
0.6331511182444436
0.6415844644818988
0.6321524466787066
0.6370389248643603
0.636384551014219
0.6371519991329738
0.6355747537953513
0.6248501454080854
0.6628345591681344
0.6401787740843636
0.6310469380446843
0.6375098739351545
0.6418937614985875
0.6365294797079903
0.6437988706997463
0.6318602732249669
0.6334232091903687
0.6428748837539128
0.6553326419421605
0.6486085099833352
0.6424050799437931
0.6263065678732735
0.6324971403394427
0.6391094326972961
0.6424957811832428
0.629581651517323
0.6389796989304679
0.6395239531993866
0.6395374664238521
0.6346670048577445
0.652169623545238
0.6274525778634208
0.6219795431409564
0.6386025292532784
0.637597360781261
0.6362402268818447
0.6504135770457131
0.6376846262386867
0.6335857808589935
0.6299093025071281
0.6387968063354492
0.6461336357252938
0.6343481200081962
0.6447373628616333
0.6370367748396737
0.6445590513093131
0.6468328407832554
0.644833151783262
0.6424098610877991
0.6438856933798108
0.6383978979928153
0.6403822260243552
0.6353018922465188
0.6400210559368134
0.6483061696801867
0.6469780036381313
0.6344870456627437
0.6412534713745117
0.6571826934814453
0.6461685853345054
0.6442846996443612
0.6257226339408329
0.639840053660529
0.6218759162085397
0.6337369382381439
0.6496650150844029
0.6343871525355748
0.6477820234639304
0.6353926573480878
0.6407522048269
0.6412072862897601
0.6330517956188747
0.6388201245239803
0.6399405726364681
0.6335276109831673
0.6398915776184627
0.6241296912942614
0.6534302149500165
0.6325559020042419
0.6342110633850098
0.6438527745859963
0.6454194741589683
0.6254952124186924
0.642760625907353
0.6327501492840903
0.6383970337254661
0.6389629968575069
0.6450856626033783
0.6448027321270534
0.6445208021572658
0.6396641731262207
0.6405398292200906
0.6436883424009595
0.642840849501746
0.6589590225900922
0.6368498929909298
0.6490454971790314
0.6334768235683441
0.6367351199899401
0.6410252792494637
0.6241848085607801
0.6522046497889927
0.6270126870700291
0.6519225665501186
0.640451865536826
0.6480509127889361
0.6404148084776742
0.6424165836402348
0.6540516104016986
0.6392207230840411
0.6477168841021401
0.6413860193320683
0.6493755791868482
0.6380272805690765
0.633812665939331
0.6451248356274196
0.659206713948931
0.6292965880462101
0.6408998923642295
0.646190698657717
0.6432539778096336
0.6514102390834263
0.642694469009127
0.6492342097418649
0.6361002198287419
0.640723488160542
0.6432089081832341
0.6417394024985177
0.6348499953746796
0.6607999375888279
0.6353684536048344
0.6452277302742004
0.654603545154844
0.6440822609833309
0.6564318069389888
0.6383224896022252
0.6600041048867362
0.6380476994173867
0.6407045423984528
0.6629019039017814
0.6480336231844765
0.6493025081498283
0.6400849265711648
0.6442898682185582
0.6446310409477779
0.6443988425391061
0.6410972220557076
0.6529960972922189
0.6500502441610608
0.6486927781786237
0.6409735211304256
0.6410410148756844
0.6412899664470127
0.6355565658637455
0.6450738268239158
0.6302225547177451
0.6337324551173619
0.6343687048980168
0.6402423552104405
0.6434535469327655
0.646174954516547
0.627033246415002
0.6474538147449493
0.639339029788971
0.6431301959923336
0.6448409472193036
0.6338801980018616
0.6265609094074794
0.6400908785206931
0.6330689532416207
0.6477823214871543
0.6436047426291874
0.6330098041466304
0.6431077292987278
0.6361952892371586
0.651324919291905
0.6549068987369537
0.6376082130840847
0.6374213908399854
0.6311278470924923
0.6414550074509212
0.6371239083153861
0.637143782206944
0.6454938309533256
0.6412217574460166
0.6449405465807233
0.6444813183375767
0.6407041336808886
0.6415782528264182
0.639531569821494
0.6515742072037288
0.638594218662807
0.6529907967363086
0.6521870366164616
0.6400160619190761
0.6469252279826573
0.6524682172707149
0.6441048213413784
0.634167994771685
0.6407491096428463
0.6461485241140638
0.6348535673958915
0.6399874900068555
0.650392838886806
0.6360429142202649
0.6328668594360352
0.647175520658493
0.6370877282960075
0.6453265079430172
0.6334389405591148
0.6507146869386945
0.6328946394579751
0.6400395589215415
0.6392094109739576
0.639067428452628
0.6461326692785535
0.63687464594841
0.6359573772975377
0.6331621493612017
0.6498782634735107
0.6461000697953361
0.6482115813664028
0.646552928856441
0.6343590830053601
0.6285423295838493
0.6510364881583622
0.6413076562540871
0.6462688318320683
0.6351846158504486
0.6460907161235809
0.6351535320281982
0.643077437366758
0.6310553550720215
0.6698030275957925
0.6341402104922703
0.642324937241418
0.6435563308852059
0.6396244168281555
0.6404293988432203
0.6488743211541858
0.6373035056250436
0.6466846593788692
0.6351854247706277
0.6268915491444724
0.6405379687036786
0.6546897292137146
0.6309540697506496
0.6269607203347343
0.6430830998080117
0.6462349891662598
0.6584451368876866
0.6448089948722294
0.6493606780256543
0.6494883341448647
0.6292284854820797
0.6350781747273037
0.6325488473687854
0.6349405305726188
0.6481645405292511
0.6241593786648342
0.6301663134779248
0.6327829488686153
0.6439377026898521
0.6531302886349815
0.6421098836830684
0.6390077556882586
0.6333157888480595
0.6360430717468262
0.6441105348723275
0.6376713344029018
0.6420470263276782
0.6435637942382267
0.6371317889009204
0.6410083302429744
0.6525979595524924
0.641330178294863
0.6420968856130328
0.6424517716680255
0.6373991199902126
0.6535880821091788
0.6619134332452502
0.6571407275540488
0.6384439085211072
0.6520037225314549
0.6406227733407702
0.6382011941501072
0.6346182908330645
0.6454038109098162
0.6356907827513558
0.6412966293948037
0.6408451242106301
0.6433189766747611
0.6457079861845288
0.6436229561056409
0.6448181186403547
0.6438729252134051
0.6437389595167977
0.6341913172176906
0.6376016778605325
0.6402733453682491
0.6332444974354335
0.6435814925602504
0.635413088968822
0.6475317009857723
0.6412035865443093
0.645763099193573
0.6532838259424482
0.6416996376855033
0.6584417223930359
0.6349489688873291
0.6307649271828788
0.6465993481022971
0.6505972359861646
0.6504848897457123
0.6389370305197579
0.6343937260763985
0.6425333533968244
0.6290284310068402
0.6352885152612414
0.6401400736400059
0.6310904366629464
0.6423551865986415
0.6321008247988564
0.6498004921845028
0.6353872290679387
0.6514552789075034
0.6367313946996417
0.6517751046589443
0.6427735303129468
0.6382286250591278
0.6391349179404122
0.6473287429128375
0.6445808453219277
0.6373685002326965
0.6423820384911129
0.6235149758202689
0.63447334085192
0.6463758051395416
0.6396199933120182
0.6470707356929779
0.6292855484145028
0.643749726670129
0.6382402266774859
0.6391016159738813
0.6448707836014884
0.6270377933979034
0.6505528305258069
0.6474092432430812
0.6418637420449939
0.6520304722445351
0.6412220682416644
0.6402934065886906
0.6423145915780749
0.6417580034051623
0.632902843611581
0.6424140930175781
0.6436008385249546
0.6412697051252637
0.6315718846661704
0.6421857859407153
0.6431336530617305
0.6367536570344653
0.6375798583030701
0.637117862701416
0.6460388856274741
0.6422078737190792
0.649052402802876
0.6563959717750549
0.6424229570797512
0.6378722190856934
0.6477428291525159
0.6490696838923863
0.6353200674057007
0.6276347254003797
0.6331621153014046
0.6450414998190743
0.6571011458124433
0.6350798862321037
0.6299293637275696
0.6441857176167625
0.6346762989248548
0.6487089693546295
0.6421135451112475
0.628884881734848
0.6393784710339138
0.6465348431042263
0.653580686875752
0.6469280081135886
0.6390171987669808
0.6442041099071503
0.6529301021780286
0.6326041008744921
0.6415514307362693
0.639699399471283
0.6508442716939109
0.6431814645017896
0.6356016610349927
0.6393237071377891
0.6575093482221875
0.6478655636310577
0.6427731599126544
0.6430473923683167
0.6537064739636013
0.6309331655502319
0.6456007659435272
0.6571280658245087
0.6405331833021981
0.6438589308943067
0.655461460351944
0.6436996289661953
0.6365137909139905
0.6424918345042637
0.6380530553204673
0.6302047499588558
0.6362822481564113
0.6340684933321816
0.6520538117204394
0.6498336706842694
0.6451289696352822
0.6652095190116337
0.6604192384651729
0.6355361385004861
0.6510239711829594
0.6480722512517657
0.6445115080901554
0.6582946181297302
0.6442022408757891
0.65558203629085
0.6510034586702075
0.6363310856478555
0.6356219862188611
0.6321970820426941
0.6475796784673419
0.6389246753283909
0.6550263379301343
0.639337637594768
0.6394436444555011
0.6439136607306344
0.6554876821381705
0.6555464778627668
0.643958819764001
0.6543453293187278
0.6520583076136452
0.634763845375606
0.6440902650356293
0.6289299130439758
0.6500317582062313
0.6587371911321368
0.6364522320883614
0.6492768696376255
0.6441533608095986
0.6354343933718545
0.6327523589134216
0.6502889735358102
0.6472315873418536
0.6281260166849408
0.63235861488751
0.6335661922182355
0.6379500116620745
0.641074755362102
0.6420549324580601
0.6451664439269474
0.6551293347563062
0.6398791415350777
0.643533319234848
0.6521070003509521
0.6425362740244184
0.645960658788681
0.6543061562946865
0.6378331993307386
0.6538928236280169
0.6394323536327907
0.6408232024737767
0.635802801166262
0.6504546489034381
0.6340315639972687
0.6387607370104108
0.6308914167540414
0.6429856675011771
0.6424066892692021
0.6413341845784869
0.639833369425365
0.6426743481840406
0.631993979215622
0.653172471693584
0.6315507675920214
0.6351320913859776
0.6425136029720306
0.6438370091574532
0.6579539946147374
0.6399284856660026
0.6432160820279803
0.6336331920964378
0.6367599495819637
0.6435985565185547
0.6271325094359261
0.6432981405939374
0.6562655695847103
0.6417965037482125
0.6430790254047939
0.6321549585887364
0.6463398890835899
0.6372101519789014
0.6480051789964948
0.6321957281657627
0.6491695514747075
0.6404216204370771
0.6558737201350076
0.6460781608309064
0.6374371562685285
0.6542712109429496
0.641065640108926
0.6489862373897007
0.6434103548526764
0.6327733269759587
0.6292055291788918
0.6498072956289563
0.6406399990831103
0.6321981591837746
0.6390502452850342
0.6509499592440469
0.6402698159217834
0.6403998051370893
0.6414659874779838
0.6320007187979562
0.6494983604976109
0.640338693346296
0.6463957258633205
0.6292547711304256
0.6425908889089312
0.6435088855879647
0.6353941176618848
0.6391110420227051
0.6483542323112488
0.6484690010547638
0.6416743695735931
0.6360125243663788
0.6328400458608355
0.6427808701992035
0.6416786568505424
0.6368928168501172
0.6506477338927132
0.6280327439308167
0.6381011945860726
0.6409544008118766
0.6511768017496381
0.6365968627589089
0.6523695502962384
0.645445031779153
0.6493451510156903
0.6373074863638196
0.6388138617788043
0.6539057535784585
0.6555005524839673
0.647805895124163
0.65413156577519
0.6457146619047437
0.6480013387543815
0.648943019764764
0.6322945484093258
0.6484886918749128
0.6575523572308677
0.6591934434005192
0.6302790982382638
0.641638138464519
0.6301305166312626
0.6541510948113033
0.6354102875505175
0.6430729414735522
0.6360993470464434
0.63035905786923
0.637565016746521
0.6457719845431191
0.6438110811369759
0.641823662178857
0.636768000466483
0.6405038365295955
0.6344482004642487
0.6540921671049935
0.6330123543739319
0.6441651199545179
0.6489157889570508
0.6374171120779855
0.6463652168001447
0.6310308575630188
0.6414950915745327
0.6562178347791944
0.652768360716956
0.6455776265689305
0.6505597531795502
0.6551392120974404
0.6589382248265403
0.6522305692945208
0.6441979493413653
0.6387230157852173
0.6340314831052508
0.6316329709121159
0.624435190643583
0.6365468289170947
0.6461398048060281
0.6387468193258558
0.6353017176900592
0.6415990335600716
0.6431453398295811
0.6423834690025875
0.6377558623041425
0.6322288428034101
0.6258694316659655
0.6396883811269488
0.6483442144734519
0.6416060413633075
0.6379076370171138
0.6366572465215411
0.6405567441667829
0.6385605675833566
0.6385277424539838
0.6367908333029065
0.6370282598904201
0.6342184969357082
0.6515452223164695
0.6475837060383388
0.6404730890478406
0.6437586035047259
0.6465469300746918
0.6570009120873043
0.6373771131038666
0.6457279452255794
0.6543761278901782
0.6359950261456626
0.6526572448866708
0.6461307023252759
0.6428659132548741
0.6365973353385925
0.6482877816472735
0.6409822446959359
0.6396986884730202
0.6439041921070644
0.6440980178969247
0.6543274649551937
0.637752856527056
0.6375600440161568
0.6361272377627236
0.6379608639648983
0.6292172500065395
0.6376265287399292
0.647408161844526
0.6503172474248069
0.6400891712733677
0.6286478042602539
0.632325564111982
0.6356719987733024
0.6506707157407489
0.6373662182262966
0.6569951219218118
0.6411819585732051
0.6276187683854785
0.6503084216799054
0.6275362159524646
0.6538264836583819
0.640737384557724
0.6476442175252097
0.6406756469181606
0.642348472561155
0.6467361918517521
0.6510529220104218
0.6360050908156804
0.6523826718330383
0.631151122706277
0.6399105574403491
0.6493499875068665
0.636387688773019
0.6381327637604305
0.6299462488719395
0.6371417258466993
0.6482599462781634
0.6420421344893319
0.6451719275542668
0.6340556357588086
0.6376440908227649
0.6341995128563472
0.6323286209787641
0.6457237218107496
0.6461055321352822
0.6459856629371643
0.6387850940227509
0.6429503006594521
0.6453124284744263
0.6288684563977378
0.6432664394378662
0.6411475496632713
0.6513013882296426
0.6437671780586243
0.6388424762657711
0.6475155566419873
0.6448824746268136
0.6395890755312783
0.6395971689905439
0.6474264519555228
0.6491488133158002
0.6387197503021785
0.6484289765357971
0.6372314095497131
0.632348507642746
0.648519196680614
0.6488589431558337
0.6414133054869515
0.6427130145686013
0.6480095343930381
0.6415373725550515
0.6220460959843227
0.6624744789940971
0.6368386149406433
0.6370864765984672
0.6400526804583413
0.6317870957510812
0.6391009432928902
0.6421050344194684
0.6251161694526672
0.6249255878584725
0.6422483921051025
0.6483495107718876
0.6493447635854993
0.6534265620367867
0.6340717673301697
0.6382217194352832
0.6377814369542258
0.6390689952032906
0.6363815409796578
0.6599886800561633
0.6348994203976223
0.6379838287830353
0.6330862087862832
0.6324328226702554
0.6445529673780713
0.6446474322250911
0.6405431032180786
0.6341546050139836
0.6418989641325814
0.6353582441806793
0.6453977312360492
0.635098431791578
0.6478182928902763
0.6459466346672603
0.6401440075465611
0.6407208059515271
0.6354998179844448
0.653013961655753
0.6440386388983045
0.6338689795562199
0.6341577470302582
0.6478648739201682
0.6397586805479867
0.6425617975848061
0.6417105623653957
0.6486960990088326
0.6388494755540576
0.6476850935391018
0.6371374811444964
0.6459467027868543
0.6296420267650059
0.6360498453889575
0.6305644682475499
0.637270987033844
0.641103344304221
0.6394303270748684
0.6368301297937121
0.6358016175883157
0.6489446035453251
0.6350781236376081
0.6313546768256596
0.637766923223223
0.6565214650971549
0.635377551828112
0.6388051935604641
0.6496551334857941
0.6394766569137573
0.6446672039372581
0.6442040588174548
0.6380484657628196
0.6495554404599326
0.64510435291699
0.6356165281363896
0.6500885231154305
0.6346493746553149
0.6436535120010376
0.6436606177261898
0.6351600587368011
0.6467305166380746
0.6392719915934971
0.6508226522377559
0.6383570262363979
0.6475680129868644
0.641706074987139
0.6508195144789559
0.6279426387378148
0.6444943589823586
0.6237068772315979
0.6449433437415532
0.6305018961429596
0.6453022829123906
0.6476842718464988
0.6345047993319375
0.6398121672017234
0.6357207724026271
0.6404561485563006
0.64363694190979
0.6304925680160522
0.6444653740950993
0.6321859998362405
0.6374318684850421
0.6408792223249163
0.6482200452259609
0.6446567944117955
0.6362506917544773
0.6484173578875405
0.6543751997607095
0.6392963443483625
0.6482897613729749
0.6440585170473371
0.6331641674041748
0.6472587031977517
0.6452807784080505
0.6450059626783643
0.6559900641441345
0.6499396094254085
0.6457761526107788
0.6467175185680389
0.6486466186387199
0.6497731762272971
0.6500579161303384
0.6492494940757751
0.6467198857239315
0.6402043146746499
0.6506898488317218
0.6405125430652073
0.6335269042423793
0.6394216673714774
0.6401319078036717
0.6430334278515407
0.656810040984835
0.6477645848478589
0.6364010274410248
0.6468958471502576
0.6296439724309104
0.6406945245606559
0.6339953371456691
0.6399775275162288
0.6392725195203509
0.6457880011626652
0.6481905111244747
0.6338509661810738
0.6438635630267007
0.643700122833252
0.6313353989805494
0.6555166329656329
0.636485001870564
0.6368517535073417
0.6405315910066877
0.6471023218972343
0.6539423593452999
0.6555726996489933
0.6375115173203605
0.631586594241006
0.6407648282391685
0.6276666905198779
0.6512122111661094
0.6409153299672263
0.6594598506178174
0.6387968787125179
0.6546768546104431
0.6371205534253802
0.638859327350344
0.6338998462472644
0.6486656708376748
0.6368109370980944
0.6306509290422712
0.6354915244238717
0.6377051983560834
0.6413280154977526
0.6355147872652326
0.6423215738364628
0.637563692671912
0.6474792063236237
0.6421955909047808
0.6444677838257381
0.640122332743236
0.6505312153271267
0.6461496651172638
0.6354979191507611
0.6407023583139692
0.6399794008050647
0.6397011365209307
0.6424741234098162
0.6355645784309932
0.6463497238499778
0.6502978035381862
0.6506771743297577
0.6420230567455292
0.646503359079361
0.6437282860279083
0.6392350154263633
0.6362298088414329
0.6399216481617519
0.6353523007461003
0.6352788805961609
0.6537322146551949
0.6404048119272504
0.6353924146720341
0.6376734546252659
0.6346102229186467
0.635069876909256
0.6495688217026847
0.6385473310947418
0.6303343091692243
0.641881912946701
0.6521363088062831
0.6555848845413753
0.6333065714154925
0.6460851345743451
0.6461223321301597
0.6302465583596911
0.650163641997746
0.6284994270120349
0.6355496644973755
0.6234918364456722
0.6562672257423401
0.6344130252088819
0.643291541508266
0.638479905469077
0.6343188541276115
0.6376476798738752
0.6407285119806018
0.6505363753863743
0.6520722849028451
0.6534943750926426
0.6383299614701953
0.6434296326977866
0.6561734250613621
0.6340087354183197
0.6362029399190631
0.6651358817304883
0.6351517226014819
0.6463820678847176
0.6409830919333867
0.6501625563417163
0.6429249133382525
0.6395549263272967
0.6593393427985055
0.6424903188432965
0.643585571220943
0.6619004692350116
0.653978339263371
0.6519329122134617
0.6556389374392373
0.626640260219574
0.638060850756509
0.6435489782265255
0.6377819563661303
0.6469192845480782
0.6468844924654279
0.641754435641425
0.6438396402767727
0.6381771223885673
0.6321816316672734
0.6330360216753823
0.6482266400541578
0.6319983090673175
0.6503980032035283
0.6316410515989576
0.6412456716809954
0.6469971495015281
0.6513250853334155
0.6611343366759164
0.6524982282093593
0.6303026676177979
0.6395689291613442
0.6412046509129661
0.633250470672335
0.6390822742666517
0.6464805688176837
0.6484533718654087
0.6461522919791085
0.6373927806104932
0.6388191282749176
0.6459050008228847
0.6434114788259778
0.6433368750980922
0.631755415882383
0.6445797554084233
0.6421296085630145
0.6471845720495496
0.645808219909668
0.6378153988293239
0.6244244873523712
0.64394268819264
0.645706832408905
0.6408845101084027
0.6351658701896667
0.6483709471566337
0.6352021821907589
0.6527859057698931
0.6442660221031734
0.6493810415267944
0.6547332150595528
0.6302188336849213
0.633300917489188
0.6355089587824685
0.658721034015928
0.6350139847823552
0.6478302904537746
0.6488002368382045
0.6455153695174626
0.6379697152546474
0.6510396131447383
0.6389392103467669
0.6437474106039319
0.64066481590271
0.6442434234278542
0.6489071462835584
0.6432547995022365
0.6448091396263668
0.6508606544562748
0.6323365696838924
0.640752375125885
0.6522721988814217
0.6508638305323464
0.6414352357387543
0.6352127833025796
0.6355922562735421
0.6443377094609397
0.6360817125865391
0.6468100547790527
0.639408358505794
0.6464623851435525
0.6346726843288967
0.638338280575616
0.6486328584807259
0.6307319828442165
0.6304569797856467
0.6405514904430935
0.6462849037987846
0.6396790402276176
0.6467559209891728
0.6465505531855992
0.6370195065225873
0.6463815101555416
0.6517738316740308
0.6640220199312482
0.6384093761444092
0.6306880073887962
0.6413556848253522
0.641615492956979
0.639646019254412
0.6428329987185342
0.6434202705110822
0.6295850064073291
0.6397037548678262
0.6398449242115021
0.6373437685625893
0.6538851005690438
0.6486183745520455
0.6479342026369912
0.6433797436101096
0.6488560651029859
0.6301947661808559
0.6283215582370758
0.646676595721926
0.6468588752405984
0.6379384057862418
0.6427292696067265
0.6470424703189305
0.6420222265379769
0.6606339088508061
0.6377600516591754
0.6342921938214984
0.6445363674845014
0.6416268306119102
0.6220742336341313
0.6548751805509839
0.6394473229135785
0.6401791231972831
0.6419089479105813
0.6413994814668383
0.6545565979821342
0.631759090082986
0.6498984524181911
0.6452118711812156
0.6317744297640664
0.6433653703757695
0.6501119094235557
0.636055873973029
0.6562005366597857
0.6333596919264112
0.641981840133667
0.6368457589830671
0.6522180480616433
0.6376957595348358
0.6469347732407706
0.6545617793287549
0.6380056525979724
0.6508492742265973
0.6337568632193974
0.6439066699572972
0.6513185288224902
0.6433596270424979
0.6479130387306213
0.6445300706795284
0.6456341743469238
0.6459439652306693
0.6469986992222923
0.655921744448798
0.6329204865864345
0.6346361211368016
0.638789027929306
0.6424235105514526
0.6445033167089734
0.6451102026871273
0.6384766059262412
0.6484540232590267
0.6399025193282536
0.643461640392031
0.6362983754702977
0.6436276265553066
0.6362470218113491
0.6485938131809235
0.6454553050654275
0.6273856673921857
0.641013754265649
0.6394248689923968
0.6325007677078247
0.6450000405311584
0.6375976077147892
0.655820369720459
0.6572825355189187
0.629095413855144
0.6369009613990784
0.6372634981359754
0.649935279573713
0.6417519663061414
0.6504864266940525
0.636047329221453
0.6491988514150892
0.6380552138601031
0.6226327887603215
0.6582254086221967
0.6376680987221854
0.629027396440506
0.6389711456639426
0.6419944039412907
0.6338534695761544
0.64313086441585
0.6353218470300946
0.6455731349331992
0.6418358342988151
0.6409889161586761
0.6469798386096954
0.6470803107534137
0.6487851142883301
0.6438441744872502
0.6580179674284798
0.6459037746701922
0.6380358934402466
0.6430859778608594
0.6482170735086713
0.6328187755175999
0.6506611577102116
0.6524862476757595
0.6556248835154942
0.6443260269505637
0.6318302750587463
0.6574913774217878
0.645703741482326
0.6550470760890416
0.6361550646168845
0.6624352208205632
0.6425401823861259
0.641318006174905
0.6431456463677543
0.6348796359130314
0.6431825842176165
0.6366799516337258
0.6510002315044403
0.6320355534553528
0.640571585723332
0.6533168128558567
0.6402770365987506
0.6440123787948063
0.6309409865311214
0.6360676714352199
0.632044370685305
0.6241427702563149
0.6501980381352561
0.638215686593737
0.6393759633813586
0.642415314912796
0.627103933266231
0.631712087563106
0.6368561131613595
0.6418541840144566
0.6239730502877917
0.6474133261612484
0.6450837467397962
0.6412530030523028
0.6395876322473798
0.643713789326804
0.6338744716984885
0.640167372567313
0.6289526266711098
0.645197617156165
0.6348605879715511
0.6309592808995929
0.6516923861844199
0.6420286297798157
0.6257796542985099
0.6449695953301021
0.6376375385693142
0.6536827385425568
0.63206861274583
0.642398110457829
0.642451456614903
0.6327909827232361
0.6434205983366285
0.6479192163263049
0.6337522268295288
0.6427588207381112
0.6314155800001962
0.6519688665866852
0.652782929795129
0.6436618864536285
0.6262443619115012
0.6364313917500632
0.6430336790425437
0.6435862013271877
0.6398688001292092
0.640678060906274
0.646063676902226
0.6332437140601022
0.6249981565134866
0.6482710795743125
0.6287515546594348
0.6501200113977704
0.6296767124107906
0.6467621070998055
0.6527692079544067
0.6494828505175454
0.6295110285282135
0.6342414830412183
0.6606607607432774
0.6401121190616063
0.641650949205671
0.6352384729044778
0.645610396351133
0.6473877515111651
0.6502237745693752
0.6292997896671295
0.6446616479328701
0.6356167324951717
0.6466979214123317
0.6333264751093728
0.6420021270002637
0.6342184586184365
0.6379946385111127
0.6463765714849744
0.642410044159208
0.6430361185755048
0.6447437405586243
0.6342425048351288
0.6483016695295062
0.6413694875580924
0.6430623957089016
0.6343572778361184
0.6341267057827541
0.6390614339283535
0.639934241771698
0.6458547924246106
0.6388785328183856
0.624338550227029
0.6368452480861119
0.64583934204919
0.6337214963776725
0.6352052518299648
0.6410962258066449
0.6485168039798737
0.641100640807833
0.6455149182251522
0.642592579126358
0.6427014555249896
0.6483460920197623
0.6354824262005943
0.6424164516585213
0.6398901343345642
0.6299272179603577
0.636881662266595
0.6456305469785418
0.6474029038633619
0.6419570233140673
0.6314103135040828
0.6289581911904472
0.6452982979161399
0.6420038257326398
0.627804662500109
0.6453873642853328
0.642723811524255
0.6359103279454368
0.6440262453896659
0.6357541680335999
0.6496277664388929
0.6334631443023682
0.6486551208155495
0.6444224715232849
0.6401927641459874
0.6417521153177533
0.6449107825756073
0.6534864604473114
0.6568842445101056
0.6386538743972778
0.6419501517500196
0.6472577835832324
0.6435959509440831
0.6341282299586705
0.635170898267201
0.6487104254109519
0.6355506692613874
0.633935958147049
0.6342611398015704
0.6396400332450867
0.6431751889841897
0.6440671810082027
0.6492992256368909
0.6392244057995933
0.6414136844021934
0.6318249659878867
0.6365071662834713
0.6454650163650513
0.6378714399678367
0.6514951246125358
0.6499310263565609
0.640745256628309
0.6554118522575924
0.6372381065573011
0.6530710629054478
0.6340715885162354
0.6468521058559418
0.6555646061897278
0.6510903664997646
0.6386109675679889
0.6354286372661591
0.6368733261312757
0.6446435110909599
0.652317898614066
0.6423022747039795
0.6486489815371377
0.6364441556589944
0.6410931306225913
0.6351190677710942
0.6440815883023399
0.6386196059840066
0.6315849891730717
0.6398933359554836
0.6474926556859698
0.6443599462509155
0.6457310106073108
0.6538197525909969
0.649326571396419
0.6469890092100415
0.6434370151587895
0.6478198170661926
0.6398951964718955
0.646272246326719
0.6394950875214168
0.6402802680219922
0.6425527249063764
0.6463905274868011
0.6375535173075539
0.640831491776875
0.645989865064621
0.6478412875107357
0.6404390973704202
0.6554057342665536
0.6616419383457729
0.6319417570318494
0.6346347757748195
0.6479820396218982
0.6438983380794525
0.6545060064111438
0.6488624385425023
0.6301211033548627
0.6455483394009727
0.6339389383792877
0.6583515788827624
0.652453247989927
0.6368892788887024
0.6539800337382725
0.6410047624792371
0.6383544291768756
0.6523685710770744
0.6367374616009849
0.6442578136920929
0.6398607407297406
0.6470012877668653
0.6360456986086709
0.656732222863606
0.6395974499838692
0.6289066289152417
0.64299675822258
0.6362461192267281
0.6423239537647792
0.6269616442067283
0.6451381742954254
0.6437123332704816
0.6401949908052172
0.6414767461163657
0.6338235480444772
0.6323927981512887
0.6466200138841357
0.6420852541923523
0.6418680548667908
0.6434975436755589
0.6335905492305756
0.6348163144929069
0.6452844781535012
0.6579433253833226
0.6442757334027972
0.6335612109729222
0.6372174790927342
0.6521656555788857
0.6553796189171928
0.6374959988253457
0.638016905103411
0.6377033804144178
0.6428315767220089
0.6532601160662515
0.6438819255147662
0.6510744094848633
0.6226761255945478
0.6470675212996346
0.635038252387728
0.6478477120399475
0.6443152512822833
0.649261155298778
0.6322019568511418
0.6579863343920026
0.649679639509746
0.6432161416326251
0.6405598393508366
0.6518823036125728
0.647758104971477
0.6492348611354828
0.640579662152699
0.6379644657884326
0.6514487564563751
0.6395436823368073
0.6337450104100364
0.6426465724195752
0.6372345217636654
0.6336711432252612
0.643874500479017
0.6507398315838405
0.6292900357927594
0.6595440251486642
0.6486611834594181
0.6311338714190892
0.6439619447503772
0.6438302057129996
0.6319405691964286
0.64313862153462
0.6496690043381282
0.6386475307600838
0.6369244839463916
0.6566601140158517
0.6375309612069812
0.6512123559202466
0.6401692117963519
0.6308213557515826
0.641643477337701
0.6495154074260167
0.6408378056117466
0.642643221787044
0.6443691040788379
0.6396410082067762
0.6472378969192505
0.6492761373519897
0.6380095737321037
0.6327570591654096
0.6440646392958504
0.6328495613166264
0.6362348241465432
0.649696239403316
0.6410452851227352
0.6491526194981166
0.6379645041057042
0.6458746450287955
0.6353887617588043
0.6347850263118744
0.6595902400357383
0.6422557277338845
0.6330599870000567
0.6288382836750576
0.6396631555897849
0.6340135846819196
0.6235476051058088
0.6335246733256749
0.6425489868436541
0.6476264127663204
0.6353379743439811
0.6310983555657523
0.6429201917988914
0.6405845539910453
0.6414805821010044
0.6314674701009478
0.646220645734242
0.6577915677002498
0.6418656791959491
0.6304635831287929
0.6388186258929116
0.6478697870458875
0.639552184513637
0.6586077511310577
0.6374306891645704
0.6357391221182687
0.6473978970732007
0.6344983960900988
0.661759866135461
0.6367789038590023
0.6454162895679474
0.6404144210474831
0.645472309419087
0.6429607016699654
0.6397634531770434
0.6453991660049984
0.6471221234117236
0.6458571595805032
0.6276618880884988
0.6307083964347839
0.6379065939358303
0.632542439869472
0.6358019752161843
0.6353953054973057
0.635131082364491
0.6346862656729562
0.6400671899318695
0.6462598528180804
0.641159176826477
0.6334953733852932
0.641447935785566
0.6441620801176343
0.6358085785593305
0.6387095749378204
0.6407287078244346
0.6388448263917651
0.6483264906065804
0.6434604014669146
0.6345868408679962
0.6430643200874329
0.6385815995080131
0.6416784014020648
0.6393479747431619
0.6397503231252942
0.6414013504981995
0.6554366307599204
0.6396203466824123
0.6301756969520024
0.6408777109214238
0.6403595379420689
0.6373970678874424
0.6559172570705414
0.6531163283756801
0.6333705144269126
0.6335604531424386
0.6354677762304034
0.6464639178344181
0.6381445910249438
0.6424355208873749
0.6232777152742658
0.6371256198201861
0.6509126552513668
0.6417821092264993
0.6372396775654384
0.6389940934521812
0.6439901036875588
0.6408423738820213
0.6328648669379098
0.6303452466215406
0.6410846582480839
0.6407217851706913
0.6456905177661351
0.6350196301937103
0.6322069082941327
0.6517203067030225
0.6313075721263885
0.6399649849959782
0.6580576258046287
0.6408909899847848
0.6279101244040898
0.638290273291724
0.6425837022917611
0.6506609107766833
0.6349207588604519
0.6353384639535632
0.6342579977852958
0.6347495743206569
0.6230551983628955
0.6481818301337106
0.6486589184829167
0.6426347153527396
0.6529290122645242
0.6440271948065076
0.6358293848378318
0.64785179070064
0.6354507165295737
0.6326198833329337
0.6451544037887028
0.6306131950446537
0.648915593113218
0.629118629864284
0.6553190904004234
0.6361990017550332
0.6473590689046043
0.63608290042196
0.6436427746500287
0.6594463459083012
0.6461996691567558
0.6323685816356114
0.6442732385226658
0.6540548971721104
0.6423528066703251
0.6396622955799103
0.6494204231670925
0.6276303912912097
0.6397570627076286
0.6234867359910693
0.6452694577830178
0.6335699260234833
0.644766845873424
0.6441451822008405
0.6384784366403308
0.6417838888508933
0.6387082934379578
0.6241984026772636
0.6440417894295284
0.6635668746062687
0.6451156096799033
0.6302887669631413
0.6305558255740574
0.6403291651180812
0.6442406986440931
0.6386267415114811
0.6509103008678981
0.6396503746509552
0.6434049904346466
0.6321165987423488
0.6411241165229252
0.6428712223257337
0.6486779621669224
0.6366496341569083
0.6515451414244515
0.642683608191354
0.6363928743771144
0.6298723774296897
0.6486389849867139
0.6372154014451163
0.6428425865513938
0.6491402472768512
0.6565064064093998
0.6459825549806867
0.6336118068013873
0.6352473667689732
0.6421406694820949
0.6410844240869794
0.6265167679105487
0.6510709396430424
0.6459162150110517
0.6336895738329206
0.6444685331412724
0.6512542068958282
0.632898496729987
0.6518578699656895
0.6356286576816014
0.6528023183345795
0.6373051362378257
0.63349620785032
0.6397051768643516
0.6463177459580558
0.644234665802547
0.6424588263034821
0.6341421859604972
0.6281215378216335
0.6435096604483468
0.6507018676825932
0.6437207332679203
0.6404315829277039
0.6412312132971627
0.638740965298244
0.646469669682639
0.6438419052532741
0.6623627756323133
0.6374332734516689
0.6409787450517926
0.644874496119363
0.6287235958235604
0.6433966713292258
0.6503861589091164
0.6516236322266715
0.6249417790344783
0.6339323052338192
0.6452466206891196
0.6532812288829258
0.6451910478728158
0.6356118960039956
0.6348966658115387
0.6474673705441611
0.6424331324441093
0.6337647906371525
0.6393146174294608
0.6431652648108346
0.6467796010630471
0.6323843683515277
0.6436360308102199
0.6527577936649323
0.6319730537278312
0.6483418004853385
0.6534086550985064
0.6511801864419665
0.6387847065925598
0.6445422342845372
0.6358546614646912
0.645949227469308
0.6365423713411603
0.6408750883170536
0.6472889908722469
0.6475901433399746
0.6491432956286839
0.6202851406165532
0.6314004106181008
0.6472645998001099
0.6424517503806523
0.6467804951327187
0.6324706716196877
0.6489185222557613
0.6364879437855312
0.6318239527089256
0.6459538766316005
0.6353842147759029
0.6313719323703221
0.6431487798690796
0.6371026848043714
0.6411284719194684
0.6516579943043845
0.6583337570939746
0.6415890157222748
0.6512684396335057
0.6291799119540623
0.6483708577496665
0.6421459317207336
0.635113605431148
0.6504350474902562
0.6347720495292118
0.6386223435401917
0.6340007611683437
0.6378500248704638
0.6480178322110858
0.6370044776371547
0.6384892080511365
0.6388826668262482
0.6535714609282357
0.6437214868409293
0.6542944184371403
0.6601187842232841
0.6379457243851253
0.633073879139764
0.6330977806023189
0.6368231901100704
0.6438543711389814
0.6374423589025225
0.6495651006698608
0.636938635792051
0.6346026020390647
0.6360287283148084
0.6284451612404415
0.6438446257795606
0.6393697559833527
0.6554052489144462
0.6324928062302726
0.6495051767144885
0.6588582609380994
0.6578527518681118
0.6410893883023944
0.6551252007484436
0.6585673860141209
0.6284279653004238
0.6467798054218292
0.6426158973148891
0.6420168791498456
0.6501708882195609
0.6340758885656085
0.6403470252241407
0.6352376597268241
0.6521892930780139
0.6320924929210118
0.6478215157985687
0.6428257950714656
0.6383262872695923
0.646481820515224
0.6385336007390704
0.6533831868852887
0.6358633637428284
0.6338237609182086
0.6354952922889164
0.6534968572003501
0.6277570043291364
0.6334495714732579
0.6350094292845044
0.6332320996693203
0.630723604134151
0.6300261787005833
0.6508025654724666
0.6450235332761493
0.6390319168567657
0.6499177941254207
0.6378392108849117
0.631711312702724
0.6508584065096719
0.6311291285923549
0.639901727437973
0.6432737750666482
0.6336367343153272
0.6477360257080623
0.6484686689717429
0.6400479844638279
0.6616564648491996
0.6384585457188743
0.6576159979615893
0.6430185224328723
0.6434594520500728
0.6420608418328422
0.6392908224037716
0.6402966124670846
0.6524213637624469
0.6444260818617684
0.6417725809982845
0.651598117181233
0.6434316720281329
0.6439284299101148
0.6475803213460105
0.6472521679741996
0.6247714843068805
0.6333254064832415
0.6501940829413277
0.6348249358790261
0.6444759241172245
0.6410756025995527
0.6364332011767796
0.6642166376113892
0.6410205577101026
0.6476685575076512
0.6511584052017757
0.6337224074772426
0.6358458825520107
0.6356465561049325
0.6399466480527606
0.6322565674781799
0.6361605525016785
0.639242661850793
0.6345461479255131
0.6309780733925956
0.640820345708302
0.6394841798714229
0.6495452991553715
0.6365248050008502
0.6489717704909188
0.6482399446623666
0.634094910962241
0.6443701301302228
0.6349583395889827
0.6355159410408565
0.6425914083208356
0.6378599916185651
0.6339517661503383
0.639524540730885
0.6432951433318002
0.6507913810866219
0.6390915470463889
0.6376614442893437
0.651518953698022
0.6266615390777588
0.6430934880461011
0.6346796878746578
0.6478595989091056
0.649167367390224
0.643641974244799
0.6255291019167218
0.629559359380177
0.6335756480693817
0.6373843508107322
0.6382558984415871
0.6418510462556567
0.6327808925083706
0.6462654343673161
0.637207567691803
0.6336203217506409
0.6367156633308956
0.644572343145098
0.6477679823126111
0.6316594481468201
0.6211596982819694
0.636192968913487
0.6437217593193054
0.6547226650374276
0.6324072395052228
0.6474582595484597
0.6460588233811515
0.6351644269057682
0.6370876388890403
0.6263141121183123
0.6392666058880943
0.6369130270821708
0.6399688294955662
0.6477803289890289
0.6440445823328835
0.6428183955805642
0.6454744040966034
0.6337607034615108
0.6455401352473668
0.6406039808477674
0.6520456799439022
0.6528551152774266
0.6386009880474636
0.6337832893644061
0.6505031159945897
0.6480479197842735
0.6362590066024235
0.646597330059324
0.6361843688147408
0.6412242693560464
0.6348749271460942
0.6275518919740405
0.6376387902668544
0.6452661922999791
0.6288892115865435
0.6378453501633236
0.6396534357752118
0.6485815857137952
0.6367621421813965
0.6456027967589242
0.6388476107801709
0.6491349850382123
0.6386157955442157
0.6329102005277362
0.6295158437320164
0.6367826546941485
0.6409051077706474
0.6423798203468323
0.6340708264282772
0.6333290977137429
0.656149936573846
0.6426923530442374
0.6436622227941241
0.6187623058046613
0.6466059599603925
0.6501515465123313
0.6456423614706311
0.637364502464022
0.6486303636005947
0.6404705005032676
0.6330477552754539
0.6433318129607609
0.6429351908820016
0.6314762915883746
0.6276739708014897
0.6398900960172925
0.6444098949432373
0.638419611113412
0.6456219043050494
0.6426206145967756
0.6199359170028141
0.6307306502546582
0.6483075022697449
0.6550654726369041
0.6358607922281537
0.6385553053447178
0.6455955633095333
0.6401780928884234
0.6402771132332938
0.6425838044711522
0.6451606239591327
0.6371424411024366
0.6383974722453526
0.6423906002725873
0.632525486605508
0.6343374976090023
0.643811855997358
0.6468321212700435
0.6454863931451525
0.6448028215340206
0.6382078315530505
0.6416999655110496
0.6456394280706134
0.6459343433380127
0.6327445251601083
0.6345607553209577
0.6503434479236603
0.6411845343453544
0.6477724271161216
0.6634473417486463
0.6517226568290165
0.6357858095850263
0.6275540505136762
0.6399585604667664
0.637495185647692
0.6461250909737178
0.6383531263896397
0.6381541192531586
0.636278143950871
0.625026809317725
0.6392003851277488
0.6388787542070661
0.6403595081397465
0.6361539236136845
0.6336068553583962
0.6346916258335114
0.6407103410788945
0.6278693165097918
0.633454007761819
0.6331236319882529
0.638830806527819
0.6507146954536438
0.6436318329402378
0.6247270447867257
0.6438639547143664
0.6457136741706303
0.6374316726412091
0.6389953451497214
0.6520131400653294
0.639963413987841
0.6332321465015411
0.6571116915770939
0.6451510063239506
0.6575060316494533
0.6430455616542271
0.6409949830600193
0.6355150512286595
0.62962692124503
0.6342405251094273
0.6276684871741703
0.6440229160445077
0.6323525309562683
0.6484355245317731
0.6442245330129351
0.656060095344271
0.618997118302754
0.6462242007255554
0.6587087086268834
0.6428534005369458
0.6369645936148507
0.6473730547087533
0.6444459387234279
0.623564600944519
0.6479072400501796
0.6232559084892273
0.6375049608094352
0.6458099867616381
0.6403691555772509
0.6533619250570025
0.6414829620293209
0.649760731628963
0.6452124076230186
0.6537420281342098
0.6468112340995243
0.6332196763583592
0.6318459510803223
0.6412465104034969
0.6477012293679374
0.6407913735934666
0.6413999881063189
0.6235942329679217
0.6376450189522335
0.6561405999319894
0.6461346447467804
0.6577429132802146
0.6447554528713226
0.6399162113666534
0.6537556775978633
0.6389936336449215
0.6482584391321454
0.6477622006620679
0.6379870218890054
0.6395853757858276
0.6382871653352465
0.6396794361727578
0.6578779305730548
0.6353592574596405
0.6452647277287075
0.6374149067061288
0.6390340200492314
0.6534526135240283
0.6311691956860679
0.6344613347734723
0.6397820966584342
0.6438318278108325
0.6491118116038186
0.6482572257518768
0.6458019316196442
0.6453029896531787
0.6360381926809039
0.6281781154019492
0.6573604473045894
0.6427071605409894
0.6402123783315931
0.6363964974880219
0.6421102838856834
0.6331433951854706
0.6399749176842826
0.6325755928243909
0.6341829981122699
0.6407512681824821
0.653964809009007
0.6513182691165379
0.6475973682744163
0.6355317575590951
0.6430209023611886
0.648394124848502
0.6300432000841413
0.6315928527287075
0.6245942711830139
0.6251225514071328
0.6315317026206425
0.6440785314355578
0.6339137894766671
0.6275389790534973
0.642748760325568
0.6412423763956342
0.6398719676903316
0.6509162187576294
0.637374005147389
0.6384678908756801
0.6456546868596759
0.6402315497398376
0.6490066860403333
0.6481030242783683
0.6372507171971458
0.6432107048375266
0.6442388764449528
0.6507820955344609
0.6312423731599536
0.6518658995628357
0.6347335789884839
0.6369266339710781
0.6394245624542236
0.6270686302866254
0.6409170457295009
0.6275102070399693
0.6384898338999067
0.6338768899440765
0.6449416748114994
0.6508066867079053
0.6257288668836866
0.6472046460424151
0.6281272428376334
0.6334397622517177
0.6475799892629895
0.647133754832404
0.6455403438636235
0.6376006730965206
0.6428132653236389
0.6528435179165432
0.6442108069147382
0.6386342091219765
0.6486020471368518
0.6426373890468052
0.6360196854387011
0.6376546025276184
0.6559551996844155
0.6518516157354627
0.6320235303470066
0.6365333284650531
0.6485819305692401
0.6376367041042873
0.6447906451565879
0.6372156909533909
0.6338178387710026
0.6415441291672843
0.6309130830424172
0.6516328879765102
0.6390312782355717
0.6286324943814959
0.6388763189315796
0.6329993605613708
0.6333245166710445
0.6386256728853498
0.6385023679052081
0.6383452032293592
0.637746832200459
0.6404324684824262
0.6370763948985508
0.629787027835846
0.648024959223611
0.6357164595808301
0.6527099353926522
0.6485095620155334
0.6331694637026105
0.6521357851369041
0.6560698364462171
0.6599475017615727
0.6471480684620994
0.6517659723758698
0.6362199527876717
0.641261168888637
0.647337773016521
0.6345548459461757
0.6401205488613674
0.6477556441511426
0.646571444613593
0.6592507192066738
0.6373400560447148
0.6267921030521393
0.6369697494166238
0.6473045817443303
0.6428925820759365
0.6477299886090415
0.6428176420075553
0.6436349281242916
0.6633794776030949
0.6304868544851031
0.6411247679165432
0.6440267392567226
0.6489362844399044
0.6418820832456861
0.6348550660269601
0.6423068344593048
0.6498197487422398
0.6413871603352683
0.6321907000882285
0.6507044179098946
0.6409523870263781
0.6416423320770264
0.6524803425584521
0.6425528909478869
0.642344206571579
0.6434914895466396
0.6467132568359375
0.6397511661052704
0.6286117647375379
0.647278253521238
0.6565695021833692
0.6435064886297498
0.6404518910816738
0.634794933455331
0.6530436277389526
0.6456028265612466
0.6381437650748661
0.6352417937346867
0.6462303400039673
0.6480941133839744
0.653291370187487
0.6396191716194153
0.629632042987006
0.6376638114452362
0.6283377408981323
0.6384874965463366
0.6272614555699485
0.6422223831926074
0.6411963488374438
0.6388517362730843
0.6373160226004464
0.6336160515035901
0.6418988236359188
0.6494108523641314
0.6597840147359031
0.6388246119022369
0.6402356794902256
0.6311608680656978
0.6486855362142835
0.6561829234872546
0.6369101319994245
0.6383636551243919
0.6349769192082542
0.6334567793778011
0.640511474439076
0.6426419998918261
0.6333445949213845
0.6414300416197095
0.6442462887082782
0.6363480814865657
0.6372260025569371
0.6445976751191276
0.6396644115447998
0.6402309920106616
0.6405732333660126
0.6355916048799243
0.6440594834940774
0.6423195217336927
0.6455414039748055
0.6327154551233564
0.6357795425823757
0.6626638301781246
0.6549990943499974
0.6298394841807229
0.6317307523318699
0.6280400667871747
0.6487306484154293
0.6511859808649335
0.651834270783833
0.6371376301561084
0.6441802637917655
0.6290887636797768
0.6333816392081124
0.6446706695216042
0.6411090961524418
0.6432277347360339
0.6576198041439056
0.6445963723318917
0.650134801864624
0.6455824375152588
0.638610588652747
0.6482876879828317
0.6503869933741433
0.6314583676201957
0.6362287402153015
0.6587487501757485
0.6367966788155692
0.645119445664542
0.6331075940813337
0.6517724352223533
0.6555573386805398
0.6397191115788051
0.6506248925413404
0.6394416647297996
0.6382103562355042
0.6332787701061794
0.6361092031002045
0.644773325749806
0.6354881865637643
0.6474405143942151
0.6390184930392674
0.6423983871936798
0.6460329294204712
0.6352652353899819
0.6405450105667114
0.6390367831502642
0.6442607939243317
0.6491234983716693
0.6368626185825893
0.6356572593961444
0.644217597586768
0.6223814572606768
0.6432794289929527
0.6312445998191833
0.6392382979393005
0.6471377738884517
0.6375579110213688
0.6411998059068408
0.6350022809846061
0.6329378528254372
0.648662622485842
0.638043292931148
0.6411349092211042
0.6414030194282532
0.6280695370265416
0.6362621017864772
0.6351490233625684
0.6412636509963444
0.6279689414160592
0.6418911559241158
0.6494144456727164
0.6355628711836678
0.6389645252908979
0.6503676303795406
0.6277466586657933
0.6305736431053707
0.6408105450017112