0.7366382905415126
0.7583856625216348
0.7404669310365405
0.7173280588218144
0.7411003155367715
0.7318294218608311
0.7481510383742196
0.7337675988674164
0.734973954302924
0.7436673130307879
0.7123006113937923
0.7282547567571912
0.7280763600553785
0.7429162221295493
0.7341061277048928
0.738405955689294
0.7324879510062081
0.7368528800351279
0.7671254702976772
0.747531316110066
0.7273195002760205
0.7182331383228302
0.7239974055971418
0.750858370746885
0.7224811358111245
0.7442793420382908
0.7228343657084874
0.7278493046760559
0.748065173625946
0.7333568930625916
0.7283980676106044
0.7369263044425419
0.7248663433960506
0.7508015632629395
0.735168593270438
0.7270449016775403
0.735114050762994
0.7509677835873195
0.7360411754676274
0.739410936832428
0.7257445156574249
0.716659562928336
0.7380631566047668
0.7258104639393943
0.7409133996282306
0.7402281590870449
0.7421538829803467
0.731905426297869
0.7576482892036438
0.7361262781279427
0.7552141334329333
0.734433229480471
0.7189274643148694
0.7640140567507062
0.72397238441876
0.7215888202190399
0.7317727122988019
0.7344430472169604
0.713268348148891
0.7436864163194384
0.7389385061604636
0.7271609476634434
0.7472278305462429
0.7247598895004818
0.7318523185593742
0.7288287792887006
0.7215221311364856
0.7357493170670101
0.7411418003695351
0.7255400504384723
0.7357882389000484
0.7217044404574803
0.747969218662807
0.7366241684981755
0.7340595339025769
0.7452885167939323
0.7209562744413104
0.7486890469278608
0.761641902582986
0.7360791393688747
0.7442731601851327
0.7257329991885594
0.731620328766959
0.7463180848530361
0.7369762148175921
0.7547070469175067
0.7573009388787406
0.7409200583185468
0.712571552821568
0.7238136231899261
0.7513202173369271
0.7442745353494372
0.7573702377932412
0.7391203003270286
0.7347461921828133
0.739474139043263
0.7518833960805621
0.737401225737163
0.7550844166960035
0.7300651243754795
0.7580440768173763
0.7377487761633736
0.7495965020997184
0.7493929266929626
0.7479913192135947
0.7535014918872288
0.7515030077525547
0.7436070782797677
0.7148699121815818
0.7391031852790287
0.7392700825418744
0.7220102080277034
0.7133908484663282
0.7222853984151568
0.7429297523839133
0.7355963545186179
0.731613678591592
0.7200343651430947
0.7666194779532296
0.7282914391585759
0.7477269470691681
0.727074784891946
0.7481406586510795
0.7418026200362614
0.7259930329663413
0.7388596279280526
0.7260933646133968
0.7502774894237518
0.7448230343205589
0.7583233032907758
0.7517450494425637
0.7553204936640603
0.7452979683876038
0.7428294803415026
0.7403683960437775
0.7580143639019558
0.7574524922030312
0.7392200657299587
0.7135108028139386
0.7236532952104296
0.7530890916075025
0.7311750948429108
0.7595214630876269
0.7334402969905308
0.7578948906489781
0.7452700436115265
0.7196863080774035
0.734226222549166
0.7287381248814719
0.7528435587882996
0.7288793155125209
0.7029900976589748
0.7387382771287646
0.7491628910814013
0.7348056222711291
0.7420451087611062
0.7443494285855975
0.7472628738198962
0.740702075617654
0.7361505968230111
0.7289922492844718
0.7568954867976052
0.7342026489121574
0.7484072361673627
0.725471841437476
0.7486935470785413
0.7347258968012673
0.739804961851665
0.7205478889601571
0.741095517362867
0.7162926282201495
0.7194706840174538
0.7212464724268232
0.7201513648033142
0.7208870947360992
0.7106057703495026
0.7226257026195526
0.7326158668313708
0.7327013994966235
0.7345036949430194
0.7502877243927547
0.7523762456008366
0.7536497626985822
0.7219480872154236
0.7428637061800275
0.7125637488705772
0.7350903621741703
0.7425552649157388
0.7537575151239123
0.7314212790557316
0.7450508432728904
0.7307720482349396
0.718909216778619
0.7329670063086918
0.7507001459598541
0.7328318910939353
0.7336055210658482
0.7217496122632708
0.742943810565131
0.7423765233584813
0.7367241127150399
0.744037538766861
0.7484489509037563
0.7564867522035327
0.733168499810355
0.7401744595595768
0.7425111021314349
0.7335720786026546
0.7292836308479309
0.7596666983195713
0.7242488818509238
0.7519163063594273
0.7359678958143506
0.7176759115287236
0.7572886943817139
0.7370566342558179
0.7282918819359371
0.7305919442858014
0.742205777338573
0.7381054077829633
0.7316780643803733
0.7265517030443464
0.756473468882697
0.7136142296450478
0.7158956485135215
0.7324839106627873
0.7306841697011676
0.7362738847732544
0.7454182122434888
0.7449774742126465
0.7411482163837978
0.7189080204282489
0.7212768409933362
0.7455158489091056
0.7317290220941816
0.7452532989638192
0.748801623071943
0.7535519089017596
0.7410371857030051
0.7407313627856118
0.7261284334318978
0.7431275035653796
0.740526054586683
0.745552876165935
0.7153244572026389
0.7310519729341779
0.7270176325525556
0.7426210258688245
0.7334397988659995
0.753652593919209
0.7494339304310935
0.7268732403005872
0.7303465179034642
0.7280283783163343
0.7296596339770726
0.7462422507149833
0.7451251447200775
0.746744441134589
0.7306136361190251
0.7339599771159036
0.7290990054607391
0.7364947753293174
0.7427861520222255
0.750056552035468
0.7270399119172778
0.7319574313504356
0.7512054230485644
0.7517436615058354
0.7285708487033844
0.7527334519795009
0.743166812828609
0.7738073127610343
0.7363718364919934
0.7306949411119733
0.7407387920788356
0.7076450117996761
0.7311469316482544
0.7314515454428536
0.7184506228991917
0.7161270167146411
0.7312837966850826
0.7466818690299988
0.7316819727420807
0.7438673164163317
0.7277010679244995
0.7389464463506427
0.7251829675265721
0.7373555558068412
0.724634085382734
0.7498353719711304
0.7321221913610186
0.7487415586199079
0.7517697938850948
0.7446559454713549
0.7400020403521401
0.7336273321083614
0.7279802816254752
0.7334002341542926
0.7292381737913404
0.7443146322454725
0.7341220719473702
0.755291896206992
0.7334848174027034
0.7398134555135455
0.7292698962347848
0.7113443996225085
0.7383708783558437
0.740048919405256
0.7164087295532227
0.7410931374345507
0.7205530575343541
0.729948993240084
0.7274188271590641
0.7510045553956713
0.7264173754623958
0.724820716040475
0.7509662551539285
0.7233922822134835
0.7394800015858242
0.7218605237347739
0.7346020255770002
0.7534205870968955
0.7208663438047681
0.7515078697885785
0.7238612217562539
0.7403241779123034
0.7424212183271136
0.7308169305324554
0.7320311112063271
0.7361233958176204
0.7360585502215794
0.743063394512449
0.7336021491459438
0.7460814246109554
0.7273698619433812
0.7487503417900631
0.7284777675356183
0.721394053527287
0.7305173107555935
0.7282347168241229
0.740760075194495
0.7273847034999302
0.7352698360170636
0.7601295581885746
0.7520635085446494
0.71945350084986
0.7332226804324559
0.7417557324681964
0.7119084639208657
0.7437911970274789
0.7301821964127677
0.7297341440405164
0.7219925267355782
0.7601517651762281
0.7480685838631221
0.70399757368224
0.7258824706077576
0.7381422434534345
0.7433040525232043
0.7425869532993862
0.7421997785568237
0.7332357125622886
0.7379925974777767
0.7228724701063973
0.7394271876130786
0.7475398310593196
0.7344974151679448
0.7426462130887168
0.7442575097084045
0.7257713377475739
0.7392218496118274
0.7290275394916534
0.7553978306906564
0.7360117052282605
0.735045679977962
0.7261621483734676
0.7286620480673653
0.7314431965351105
0.729384320122855
0.7361115770680564
0.729925628219332
0.7468149960041046
0.7360226426805768
0.7205553480557033
0.7620120346546173
0.7433715675558362
0.7173765259129661
0.7354057814393725
0.7110608007226672
0.7367021100861686
0.6956119069031307
0.7378904095717839
0.7238988322871072
0.7467890339238303
0.7156432228428977
0.7124200548444476
0.725136786699295
0.7349563155855451
0.7607821907315936
0.7418213486671448
0.7309585298810687
0.7363438819135938
0.7221990823745728
0.7291424785341535
0.7368887875761304
0.7398109691483634
0.7187159955501556
0.7345524515424456
0.7235759581838336
0.7153160529477256
0.7519460107598986
0.7653427932943616
0.736616530588695
0.7170233726501465
0.7348336918013436
0.7309857990060534
0.7662024242537362
0.7274961727006095
0.7462615072727203
0.7258172673838479
0.7587744721344539
0.7521700859069824
0.7400892334324973
0.7135765765394483
0.7396728438990456
0.7340897790023259
0.7551367878913879
0.7481368482112885
0.7211823548589434
0.7285827951771873
0.7330641618796757
0.7533852287701198
0.7331482725484031
0.7340151454721179
0.7347875663212368
0.7521902918815613
0.7361657108579364
0.7164480217865535
0.7425665855407715
0.740790605545044
0.7339113652706146
0.729952233178275
0.7580357619694301
0.7254135736397335
0.7295054069587162
0.7450391607625144
0.7201500833034515
0.7227426043578556
0.744877257517406
0.7225486721311297
0.7324186180319104
0.7495325463158744
0.7297748412404742
0.7299253131662097
0.7419147661754063
0.7441281676292419
0.7375812530517578
0.7580328626292092
0.7408205398491451
0.7385055507932391
0.7325191072055272
0.7204233833721706
0.7295049982411521
0.7280886088098798
0.7317479721137455
0.7711362583296639
0.7579781923975263
0.7296501610960279
0.7405631499631065
0.731472373008728
0.7467332269464221
0.7436201104096004
0.7487416565418243
0.7303065742765155
0.7399788882051196
0.7298593137945447
0.7494826103959765
0.7245537085192544
0.7315385213920048
0.7310999759605953
0.7532836667128971
0.7617334680897849
0.7202863693237305
0.7236254385539463
0.7417356627328056
0.7379746011325291
0.722471364906856
0.7444258332252502
0.7247878696237292
0.7411179074219295
0.7370276408536094
0.7385512632983071
0.7388456208365304
0.7369673507554191
0.746030752147947
0.7177061140537262
0.7146578303405217
0.7373534440994263
0.7390699514320919
0.72852081486157
0.7371758648327419
0.7464398869446346
0.7424793413707188
0.728659621306828
0.7355740794113704
0.7369589720453534
0.7448754268033164
0.7483329389776502
0.738052385193961
0.7424867621489933
0.7328165301254818
0.7251236268452236
0.7514008666787829
0.7471528777054378
0.7330879483904157
0.7461374316896711
0.7327888267380851
0.7792354268687112
0.7313164174556732
0.7401945250374931
0.7319832359041486
0.7352004476955959
0.7314370444842747
0.7476350792816707
0.7245641137872424
0.7411921066897256
0.742685352052961
0.7496347980839866
0.7418172018868583
0.7505274031843457
0.7488301779542651
0.7292551142828805
0.743468450648444
0.7361134120396206
0.75743020432336
0.7411773460251945
0.7388826268059867
0.7345577946731022
0.7323966494628361
0.7232864413942609
0.7571993087019239
0.7156405832086291
0.7302802928856441
0.7269060015678406
0.732749513217381
0.7398709229060582
0.7431121553693499
0.733487069606781
0.7382331660815648
0.7323473649365562
0.7391311824321747
0.7186018526554108
0.7391599331583295
0.7578338597502027
0.7517159879207611
0.7370665413992745
0.7369717700140817
0.7364348556314196
0.7527525850704738
0.7320885530539921
0.7338513306209019
0.7533203916890281
0.7309110079492841
0.7317006971154895
0.7357649036816188
0.7333743742534092
0.7024319469928741
0.7374610815729413
0.7407628297805786
0.7371903828212193
0.7433065516608102
0.7585359598909106
0.7373819904667991
0.7574553489685059
0.7292068132332393
0.7487431977476392
0.7449885649340493
0.7275882278169904
0.7339897581509182
0.7432548488889422
0.7175201177597046
0.7261694754873004
0.7453237133366721
0.7223077501569476
0.7405722950186048
0.7456300854682922
0.7669851439339774
0.7270507216453552
0.7324346559388297
0.7322693594864437
0.7411913020270211
0.7246713723455157
0.7267169058322906
0.7566176525184086
0.7251207956245967
0.7314812753881726
0.7259372302464077
0.7451384791306087
0.7462260510240283
0.7616531082562038
0.7564482390880585
0.7438640935080392
0.7470249576228005
0.7442832503999982
0.7088161025728498
0.7234660642487662
0.7355529963970184
0.7458990471703666
0.7293551010744912
0.738278546503612
0.7312011591025761
0.7206590899399349
0.7393204016344888
0.7284907400608063
0.7341049313545227
0.7332700320652553
0.7268821682248797
0.7336342249597821
0.7425869234970638
0.7328163683414459
0.7280661591461727
0.7338784422193255
0.7311987451144627
0.7372744849749974
0.7380408133779254
0.7261411803109306
0.7379196754523686
0.7430833748408726
0.7303595202309745
0.731210721390588
0.7302450154508863
0.7412872229303632
0.7355466144425529
0.7259820657117027
0.7320984985147204
0.7291472809655326
0.7210552905287061
0.7436986650739398
0.737370491027832
0.7614786454609462
0.7682813661439079
0.7507401832512447
0.7393914077963147
0.7250981330871582
0.7328472265175411
0.7383238077163696
0.7353937838758741
0.7528080131326403
0.7458312681743077
0.7509775076593671
0.746923987354551
0.7274819953101022
0.7247171018804822
0.7546828644616264
0.7502512761524746
0.743272704737527
0.7319938710757664
0.7211680071694511
0.7500860563346318
0.7096561661788395
0.7348007176603589
0.7415114981787545
0.721939470086779
0.7342244173799243
0.731911974293845
0.7306740028517587
0.7218187323638371
0.7172851392201015
0.7382398247718811
0.7231917807034084
0.7591861273561206
0.7572895799364362
0.7471274052347455
0.7357196807861328
0.7545472809246608
0.7440889946052006
0.7400275426251548
0.750779356275286
0.7529805898666382
0.7361036283629281
0.7387833297252655
0.7348810945238385
0.7308400060449328
0.7316595911979675
0.7434817893164498
0.7494378941399711
0.7415317339556557
0.7229119922433581
0.7555251164095742
0.7499562203884125
0.7302504522459847
0.7528712110860007
0.7310410141944885
0.7596337667533329
0.7333910380090986
0.7473950045449393
0.70659168277468
0.7515759212630135
0.7534314904894147
0.7486792589936938
0.7270563159670148
0.7419374201978955
0.7329908524240766
0.7541680123124804
0.7424461202962058
0.7080692095415932
0.7472607876573291
0.738021948507854
0.7423501695905413
0.7405221589973995
0.7384290056569236
0.7393043637275696
0.7254069149494171
0.7281427298273359
0.7419677334172385
0.7295772518430438
0.7476450332573482
0.7458181764398303
0.7123945866312299
0.7460215900625501
0.7233836693423135
0.752291602747781
0.7301651920591082
0.7260339217526572
0.7191031447478703
0.7431906887463161
0.7286935746669769
0.7321396512644631
0.7135277390480042
0.7377195528575352
0.7272531858512333
0.7379974722862244
0.7288886521543775
0.7527603677340916
0.7469778997557504
0.7283303950514112
0.7459076983588082
0.7343590770448957
0.7273414816175189
0.7507515038762774
0.7248902916908264
0.7313328640801566
0.7383299938270024
0.7169458653245654
0.7388927042484283
0.7312964413847242
0.7283156641892025
0.7432124316692352
0.74456444808415
0.7146933078765869
0.7351111471652985
0.7298372600759778
0.748271759067263
0.7387811200959342
0.7635277467114585
0.7400943466595241
0.7414836883544922
0.7315884700843266
0.7349768962178912
0.7380123223577227
0.7341085289205823
0.7286944942814964
0.7203362115791866
0.7468763760157994
0.7267570538180215
0.75288987159729
0.7468154302665165
0.7542341521808079
0.7327403341020856
0.7363779076508113
0.7326109835079738
0.7220617490155357
0.7287286562579018
0.7446295959608895
0.7422042148453849
0.7303706152098519
0.7449919751712254
0.752038197857993
0.750149986573628
0.7324294745922089
0.7285647647721427
0.7368645114558083
0.7246518943990979
0.7296169357640403
0.7334849578993661
0.7320691815444401
0.7304681794984
0.7443716313157763
0.7457572775227683
0.739974353994642
0.7678630181721279
0.7384902707168034
0.735194912978581
0.7435732398714338
0.7625617129462106
0.7403382999556405
0.7272452924932752
0.737584901707513
0.7365098297595978
0.7234409408909934
0.723726898431778
0.7344886021954673
0.7407196547303881
0.7662500951971326
0.7072301890168872
0.7422473984105247
0.7235465475491115
0.7206822804042271
0.7487720378807613
0.7566441297531128
0.7351811741079602
0.7165407240390778
0.7172173857688904
0.7326035627296993
0.7333591793264661
0.7255208790302277
0.733244606426784
0.7401766777038574
0.7398565496717181
0.7109137007168361
0.7306014086518969
0.744268923997879
0.7363326592104775
0.7240587941237858
0.7260389285428184
0.7254403872149331
0.7424309934888568
0.7319848494870322
0.7359589423452105
0.73501569884164
0.7455151166234698
0.7144762447902134
0.7260409465857914
0.7433038992541177
0.7398767854486193
0.7427688070705959
0.7386033066681453
0.739157646894455
0.7366183698177338
0.7263702196734292
0.747896786246981
0.7680218688079289
0.7219433827059609
0.729179288659777
0.7337112128734589
0.7254211519445691
0.7375692640032087
0.7371249454362052
0.7358503639698029
0.7205222376755306
0.7496948369911739
0.7376343011856079
0.7419457052435193
0.7234557867050171
0.7399261380944934
0.7215089840548379
0.7268017913614001
0.7431380493300301
0.7444428248064858
0.7445685650621142
0.7456137410231999
0.7365901044436863
0.7208356772150312
0.7055120468139648
0.7488242643220084
0.7151639418942588
0.7341914985861097
0.72065241421972
0.7611670792102814
0.7389303360666547
0.7547116790499006
0.7215897483485085
0.7320270453180585
0.7549074760505131
0.7237157097884587
0.731858321598598
0.7414493816239494
0.7331631268773761
0.7309730350971222
0.7396030170576913
0.7332040199211666
0.7496715869222369
0.7411782145500183
0.7275212832859584
0.7340242905276162
0.7227221599646977
0.7372618956225259
0.7549784013203212
0.7477952199322837
0.7342954788889203
0.7262584269046783
0.7545317581721714
0.7368861436843872
0.7311144045421055
0.7618953926222665
0.7296890360968453
0.7266051769256592
0.7352532914706639
0.7467610963753292
0.74161154457501
0.7418614711080279
0.7479292111737388
0.7312702281134469
0.7286543377808162
0.7403628996440342
0.727995399917875
0.7303530062947955
0.7384210569517953
0.7367037151541028
0.7335131466388702
0.742844249520983
0.7514609524181911
0.7242810683591026
0.7494694207395826
0.7448765763214656
0.7438744306564331
0.733486533164978
0.7393291294574738
0.7472554104668754
0.7322657236031124
0.7362056715147836
0.7178651733057839
0.7420408342565809
0.7365144448620933
0.7405197875840324
0.7564225707735334
0.7455728437219348
0.7584033267838615
0.726483587707792
0.7371120495455605
0.7490841661180768
0.7443984917231968
0.7394993773528508
0.70930763227599
0.7428842910698482
0.7570856639317104
0.7442722788878849
0.7278911513941628
0.7528767798628125
0.7442772388458252
0.7330328566687447
0.7341098146779197
0.7410652765205928
0.7215649230139596
0.7485857052462441
0.7378903414521899
0.7415554055145809
0.7405554141317096
0.73858528477805
0.7377337855952126
0.7392700612545013
0.7315320117133004
0.7215952617781503
0.7236812327589307
0.7455985801560538
0.7468608660357339
0.7335097576890673
0.73099827340671
0.7438399919441768
0.7281053747449603
0.7454934418201447
0.734807333775929
0.730115532875061
0.7443825772830418
0.7328348798411233
0.743501718555178
0.7512001608099256
0.7428662947246006
0.7395993769168854
0.7486148050853184
0.7145285436085292
0.7346341695104327
0.722228833607265
0.7408070521695274
0.7378036720412118
0.7209957540035248
0.7567696784223829
0.737950039761407
0.7136831539017814
0.7306544993604932
0.7524342622075763
0.7246484926768711
0.7472319390092578
0.7320757550852639
0.7260980180331639
0.7416464005197797
0.7256206784929548
0.741438980613436
0.7199936125959668
0.7393478538308825
0.7261457400662559
0.7221669725009373
0.732584033693586
0.7496486731937954
0.7369915800435203
0.7415374219417572
0.7441573653902326
0.7306264468601772
0.7379496736185891
0.7344068799700055
0.7036002831799644
0.7464208900928497
0.7260207874434335
0.7514370083808899
0.755353936127254
0.718147235257285
0.74977964588574
0.7455820696694511
0.7372727521828243
0.7634851208754948
0.7388942667416164
0.743646787745612
0.735271828515189
0.7393379935196468
0.7356962306158883
0.7238407943929944
0.7378078869410923
0.723293023450034
0.7349903200353894
0.7523566612175533
0.7375638357230595
0.7564465318407331
0.7254131095749992
0.7536547098840986
0.7220357060432434
0.7416656059878213
0.7186910126890454
0.7473383290427071
0.7244066681180682
0.7111486877713885
0.7410088309219905
0.7327169903687069
0.7428908092635018
0.7359483454908643
0.7264492596898761
0.7287933485848563
0.7195506564208439
0.7320719191006252
0.722207282270704
0.7231892049312592
0.7373038147177015
0.7437845383371625
0.7407999038696289
0.7458753330366952
0.7292569492544446
0.7185347505978176
0.7476199865341187
0.7447237202099392
0.7271782117230552
0.7396206089428493
0.7199223211833409
0.734440552336829
0.7288457453250885
0.7409065621239799
0.7493393804345813
0.747547332729612
0.7456311413219997
0.7370814766202655
0.7396555372646877
0.7289615188326154
0.7305280949388232
0.7303203301770347
0.7247193370546613
0.7352976841585976
0.6952243617602757
0.7322065957954952
0.7390536027295249
0.7247233135359628
0.7310701523508344
0.7223025986126491
0.7259181227002826
0.7382510687623706
0.702519029378891
0.7192482778004238
0.7467344658715385
0.7208794270242963
0.7453490665980748
0.7183265217712947
0.7525263684136527
0.7451118741716657
0.7290884511811393
0.7395695618220738
0.740126975945064
0.7506500993456159
0.7353194526263646
0.7379472426005772
0.7522923478058406
0.7379765893731799
0.7217270731925964
0.7486191136496407
0.7446248573916299
0.7519776480538505
0.7442520729133061
0.730221722807203
0.7590809379305158
0.7376143889767783
0.7339278374399457
0.7423859408923558
0.7426361271313259
0.7449711561203003
0.7355394661426544
0.723770009619849
0.7370940361704145
0.7330189687865121
0.7455518586294991
0.7202608372483935
0.7528908465589795
0.7666665400777545
0.7355370436395917
0.7187111122267587
0.7226735694067818
0.7328697187559945
0.7494815119675228
0.7470239187989917
0.7656150375093732
0.7166053227015904
0.7588391176291874
0.7599802740982601
0.7417839510100228
0.727081264768328
0.7390980167048318
0.739760445696967
0.7494777526174273
0.7398097344807216
0.7297547672476087
0.7319320440292358
0.7549093578542981
0.752420791557857
0.7354141133172172
0.7414135975497109
0.7424719163349697
0.7034376817090171
0.7464914449623653
0.7392847239971161
0.7353677792208535
0.7476540889058795
0.7423296698502132
0.73945466535432
0.7127626027379718
0.754491537809372
0.7309344964368003
0.7393838763237
0.7512928417750767
0.7464362680912018
0.7554561708654676
0.7272324902670724
0.7272447262491498
0.7308780380657741
0.7455816311495644
0.7299175390175411
0.7320011300700051
0.7423341614859444
0.7379180490970612
0.7578446737357548
0.7474798474993024
0.7613015174865723
0.7405839264392853
0.7128166811806815
0.7611700168677739
0.7190750369003841
0.7430579917771476
0.7242041059902736
0.7352558331830161
0.7442092086587634
0.7598511959825244
0.7339135493550982
0.7423310961042132
0.7273196152278355
0.733269989490509
0.749017881495612
0.7283486979348319
0.7256289677960532
0.7274630240031651
0.7488071748188564
0.7411280359540667
0.7520295424120766
0.7240855395793915
0.740898072719574
0.7385963669845036
0.7456500913415637
0.7543246490614754
0.7342514012541089
0.7156891907964434
0.7472273920263562
0.7289354119982038
0.740788438490459
0.748973182269505
0.7470231013638633
0.7355273110525948
0.7417280929429191
0.7327868044376373
0.7391028191362109
0.7410147573266711
0.7362246087619236
0.7412439414433071
0.7575843419347491
0.7356801969664437
0.7446157719407763
0.7502410113811493
0.7220256115709033
0.7335507188524518
0.7337567380496434
0.7237745693751744
0.732435771397182
0.7397925768579755
0.7220464604241508
0.7289480779852185
0.7090643729482379
0.7264372791562762
0.7510173278195518
0.7334849323545184
0.7591725247246879
0.7305222494261605
0.746491687638419
0.7468401406492505
0.7238089868000576
0.7248925524098533
0.7374415525368282
0.7275868696825845
0.7445420111928668
0.7319373658725193
0.7433671482971737
0.7120049255234855
0.7259067680154528
0.7226257366793496
0.7456215407167163
0.7459890416690281
0.7187717088631221
0.7442568583147866
0.7423262596130371
0.7613430150917598
0.7557816590581622
0.7269046093736377
0.7507906896727425
0.7276741691998073
0.7470024653843471
0.7397279398781913
0.7343266776629856
0.7237284524100167
0.7325428553989956
0.7385888993740082
0.7337124305112022
0.7562370726040432
0.7299457788467407
0.7308921345642635
0.7214298588888985
0.7488102529730115
0.7287970866475787
0.7441381173474448
0.7388963954789298
0.7152906358242035
0.7426360547542572
0.7567002645560673
0.760900901896613
0.7259492235524314
0.7406526122774396
0.7361233319555011
0.7513562227998462
0.7230889116014753
0.728545069694519
0.7213469616004399
0.7594628291470664
0.7318826786109379
0.7386155426502228
0.7192061926637378
0.7176885647433144
0.7363573568207877
0.7209116731371198
0.754201454775674
0.7495206381593432
0.7400749964373452
0.7389515042304993
0.734632704939161
0.746223726442882
0.7218451201915741
0.7271019177777427
0.7345879077911377
0.7323258434023175
0.7446779821600232
0.7417897113731929
0.7208164887768882
0.7277355108942304
0.7193946370056697
0.7326695237840924
0.7314781504017966
0.7450586046491351
0.7449077154908862
0.7254738083907536
0.723618630852018
0.7449686740125928
0.7213067199502673
0.7467735878058842
0.7180992620331901
0.7263321876525879
0.7337234701429095
0.734474914414542
0.7346762461321694
0.734591713973454
0.7585362919739315
0.7436603733471462
0.748526930809021
0.731244968516486
0.7420468543257032
0.7453902534076146
0.7276156076363155
0.7346384482724326
0.7355652238641467
0.7472401559352875
0.7429128970418658
0.7460901268890926
0.7225497492722103
0.7472045208726611
0.7419870155198234
0.7352898759501321
0.7194104066916874
0.754768260887691
0.7300868715558734
0.7355081055845533
0.7421486037118095
0.7317734786442348
0.7236570503030505
0.7418181640761239
0.7287017277308873
0.7418416951383863
0.7480630534035819
0.7469118450369153
0.7486476898193359
0.7295206104006086
0.7377965705735343
0.7262006061417716
0.7280562988349369
0.7423182896205357
0.7386786384241921
0.7290204635688237
0.7261792591639927
0.7416244106633323
0.7311914605753762
0.7468551439898354
0.7467534627233233
0.732953531401498
0.7631577721663884
0.7327219205243247
0.752615749835968
0.7300880210740226
0.755463685308184
0.7357604503631592
0.7344995353903089
0.7430251921926226
0.719876800264631
0.7293710495744433
0.7563217282295227
0.7342878196920667
0.754337374653135
0.7550211463655744
0.7287078244345528
0.7602609779153552
0.7383635895592826
0.7167233398982457
0.7453555124146598
0.7390583540712085
0.7620985848563058
0.7547259543623243
0.7213834651878902
0.7219668967383248
0.7343070890222277
0.7320922783442906
0.7301752993038723
0.738981089421681
0.7196352056094578
0.7338800770895821
0.7245127516133445
0.7388433218002319
0.7346817638192858
0.7434025236538478
0.7178789292063031
0.7327429865087781
0.7356994024344853
0.7195566168853215
0.7252371907234192
0.7424581348896027
0.7373685198170798
0.7387141713074276
0.732218827520098
0.7409912603242057
0.7207261451653072
0.7240469583443233
0.730515216078077
0.7486983367374965
0.741172411612102
0.7487876415252686
0.7445895288671766
0.7217579058238438
0.7347038473401751
0.7358647457190922
0.7363920978137425
0.749332206589835
0.7261926872389657
0.7438048762934548
0.7356099358626774
0.7342620406832013
0.7404891465391431
0.7486102410725185
0.7370147279330662
0.7562708812100547
0.7283337329115186
0.7305786694799151
0.7477131698812757
0.7389835843018123
0.7298735167298999
0.7327775359153748
0.7280977836677006
0.7098376452922821
0.7168964701039451
0.7287269915853228
0.728929477078574
0.7262500652245113
0.7430065274238586
0.7302456668445042
0.7501127336706434
0.7212940284184047
0.7173878763403211
0.7379267045429775
0.734024167060852
0.7294470071792603
0.7194111900670188
0.7431225904396602
0.7496795909745353
0.7280036934784481
0.7272428827626365
0.7371488426412854
0.7402070334979466
0.7262667289802006
0.7053315171173641
0.7544461446149009
0.7277631504195077
0.7300629700933184
0.7521022813660758
0.7431653397423881
0.7196269035339355
0.7164154052734375
0.7486926104341235
0.7290488736970084
0.7324155228478568
0.7361516654491425
0.7443824623312268
0.7322042286396027
0.7389439131532397
0.7421449507985797
0.739014744758606
0.7245313950947353
0.7552697530814579
0.7506431043148041
0.7452736241476876
0.7333999105862209
0.7364469596317836
0.7496828181403024
0.7197195972715106
0.7160314576966422
0.7493020210947309
0.7355242371559143
0.7321313747337886
0.7521442558084216
0.7302600741386414
0.7350667672497886
0.757502726146153
0.7102238876479012
0.7345062920025417
0.7419219187327794
0.7392752085413251
0.7617761152131217
0.7169552402836936
0.7543330149991172
0.722939167703901
0.7419166948114123
0.7400318000997815
0.7496735325881413
0.7575448283127376
0.7333364656993321
0.7381985485553741
0.726886693920408
0.7255884877273014
0.7436693055289132
0.7183965061392102
0.7125935341630664
0.7450750810759408
0.7281542079789298
0.7463445322854179
0.7369671165943146
0.7414486919130597
0.7098028234073094
0.7315348982810974
0.7539086512156895
0.7360350787639618
0.7441168895789555
0.7148366783346448
0.7446065843105316
0.7365351106439318
0.7248790051255908
0.7228826667581286
0.7240663383688245
0.736936845949718
0.7272902727127075
0.7371858698981149
0.7238935998507908
0.7397644902978625
0.7237331909792764
0.7277636187417167
0.7194274706499917
0.7405146147523608
0.7360031221594129
0.7265925748007638
0.7380129865237645
0.7302732467651367
0.7395818063191005
0.7312524999891009
0.7437801914555686
0.7218943706580571
0.728202645267759
0.7122257053852081
0.7437479623726436
0.7404602297714779
0.731468643460955
0.7391092904976436
0.7274760518755231
0.7416441823754992
0.7504771224090031
0.7294341538633619
0.7504765178476062
0.7288860380649567
0.743754723242351
0.7364741478647504
0.7440337112971714
0.7418163163321358
0.7340088869844165
0.754216228212629
0.7368050473076957
0.7452115501676287
0.7522137973989759
0.7338582532746452
0.755002634865897
0.744511570249285
0.7519847069467817
0.7345592720167977
0.7473523701940264
0.7270883790084294
0.7323256092412131
0.744904603276934
0.741212031670979
0.7351176185267312
0.7199009486607143
0.7396137629236493
0.7292846696717399
0.749481703553881
0.7530347832611629
0.7414320196424212
0.73668144430433
0.7216734204973493
0.7376002541610173
0.7314458659717015
0.7042229047843388
0.7321797268731254
0.7379570986543383
0.7637257533414024
0.7163293446813311
0.7313658339636666
0.7327137802328382
0.7419740387371608
0.7190684378147125
0.7361971523080554
0.7428430276257652
0.7424891718796321
0.7505370335919517
0.7301371949059623
0.726174384355545
0.7140597488198962
0.7418906816414425
0.7418761466230664
0.742950860943113
0.7351018530981881
0.7281842912946429
0.7284956617014748
0.7390619686671666
0.7420524103300912
0.7597401482718331
0.7317388866628919
0.731628635099956
0.7253057828971318
0.728161381823676
0.7351559017385755
0.7231973281928471
0.7232318094798497
0.7396448169435773
0.7428278582436698
0.7406880855560303
0.7555134424141475
0.7355587141854423
0.7228630440575736
0.728481935603278
0.7164630677018847
0.7495586701801845
0.7329117442880358
0.7364801296166011
0.7380660091127668
0.7531537711620331
0.7433871030807495
0.7389604321547917
0.7199889080865043
0.7426027059555054
0.7282797225884029
0.7370625436306
0.7455162320818219
0.7517768783228738
0.717467942408153
0.7431876531669072
0.7427848662648883
0.742311349936894
0.7256934259619031
0.7173368760517665
0.7295714744499752
0.7508911660739354
0.7549953460693359
0.7490529630865369
0.7364024945667812
0.7304627682481494
0.7533555030822754
0.7380711563995906
0.7429977101939065
0.7145254015922546
0.7418010916028704
0.7656572333403996
0.7230438419750759
0.7266559685979571
0.7568579997335162
0.7379328225340162
0.7285093835421971
0.723283908196858
0.7337908446788788
0.7223566217081887
0.7334193374429431
0.7513111404010228
0.7435226653303418
0.7618816239493233
0.7304418129580361
0.7341178485325405
0.7176124368395124
0.738552063703537
0.7221021354198456
0.717486492225102
0.7359445776258197
0.7463947832584381
0.7346001480306897
0.7253770998546055
0.7516908347606659
0.7236086343015943
0.7433663776942662
0.7456391368593488
0.7411772566182273
0.7569130957126617
0.7514878554003579
0.7349956929683685
0.7464255690574646
0.74385495696749
0.752412063734872
0.7393709634031568
0.7306235688073295
0.7410563571112496
0.7279192847864968
0.7331553314413343
0.7214922394071307
0.7678416158471789
0.7406397121293204
0.7252849595887321
0.7371117217200143
0.7497088313102722
0.7433890444891793
0.7165022534983498
0.7395389888967786
0.7481139515127454
0.7211935307298388
0.7312679163047245
0.7305803384099688
0.7202175727912358
0.7362719007900783
0.7336695619991848
0.71273415854999
0.7359275690146855
0.7243583415235791
0.7493065510477338
0.7455024123191833
0.7458890378475189
0.7424153132098061
0.7586500985281808
0.7309280591351646
0.7364174170153481
0.741117102759225
0.7441090898854392
0.7360199860164097
0.7421857970101493
0.738531449011394
0.7518345202718463
0.7464450001716614
0.7178570883614677
0.7253883608749935
0.7464241342885154
0.7200393123286111
0.7324964872428349
0.7236442523343223
0.7333212281976428
0.7354765619550433
0.7211624469075885
0.7478599420615605
0.7545855173042842
0.7356826875891004
0.751651576587132
0.7164093554019928
0.7414436936378479
0.7395341311182294
0.7361486852169037
0.7266907691955566
0.7307910067694527
0.731569630759103
0.7398243291037423
0.7247981131076813
0.7412010133266449
0.7333903781005314
0.7243786752223969
0.7278211329664502
0.7275296151638031
0.7371558461870465
0.7397338449954987
0.7243341718401227
0.7144618502685002
0.7311554210526603
0.7403241949422019
0.752827308007649
0.7394142023154667
0.7255779675074986
0.7494536510535649
0.7277469677584512
0.7354765662125179
0.7360145321914128
0.7317905468600137
0.7347943569932666
0.7084563715117318
0.7501805339540754
0.7308141716888973
0.7255669363907405
0.7412683921200889
0.7282743539128985
0.7505071759223938
0.7255848731313433
0.7297657089573997
0.7474928157670158
0.7364147986684527
0.7369117821965899
0.7220975714070457
0.7534185945987701
0.7527481870991843
0.7432917824813298
0.744108042546681
0.7640052437782288
0.7488304632050651
0.7468951599938529
0.7391774143491473
0.7350514956883022
0.737865503345217
0.7136393572602954
0.7355799164090838
0.7608361073902675
0.7448056169918605
0.7414562829903194
0.7269072702952794
0.7503981973443713
0.7416184800011771
0.7477054468223027
0.7393594682216644
0.7466967063290733
0.7504941906247821
0.7186161151954106
0.7256513408252171
0.7396220948014941
0.7477524408272335
0.7353401907852718
0.7408091383320945
0.7183910139969417
0.7388800552913121
0.7298351015363421
0.7350710545267377
0.7536058681351798
0.7355553039482662
0.7363813774926322
0.7348321293081556
0.7588663995265961
0.7340662734849113
0.7277913732188088
0.7212556430271694
0.7266253232955933
0.7373876443931034
0.7417830015931811
0.7473178165299552
0.7434721418789455
0.7546303272247314
0.7286739349365234
0.7687149856771741
0.7108696145670754
0.7444555503981454
0.7350666182381767
0.7300375189099994
0.7346654406615666
0.72367120214871
0.7514367912496839
0.7427952843053001
0.7392823653561729
0.7411401569843292
0.742055322442736
0.7191394397190639
0.7414822791303907
0.7316528218133109
0.736824516739164
0.7426655462809971
0.7198697285992759
0.7406085218702044
0.7577725308282035
0.72235854608672
0.735851526260376
0.7444753987448556
0.7343655100890568
0.7345123248440879
0.7187836212771279
0.7207948608057839
0.7389694878033229
0.7296796866825649
0.7358380896704537
0.7383983262947628
0.7325726321765355
0.7636763155460358
0.7441982073443276
0.7325771919318608
0.7262513680117471
0.7597492550100599
0.7370827410902295
0.7447263598442078
0.7499208322593144
0.7292684188910893
0.733198710850307
0.7456010154315403
0.7506266917501178
0.7266663653509957
0.7374134234019688
0.7300875016621181
0.7363776649747577
0.7584016791411808
0.7353902203696114
0.7557941973209381
0.7366426118782589
0.7398882167679923
0.7410927159445626
0.7599941662379673
0.7408027052879333
0.7485907673835754
0.7267843399729047
0.7374234199523926
0.7273725313799722
0.7163760832377842
0.7434281493936267
0.7132040730544499
0.733485928603581
0.7338983799730029
0.7664679118565151
0.7379670398575919
0.7330104836395809
0.7444268465042114
0.7286440687520164
0.7069797090121678
0.7329394136156354
0.729099724973951
0.7231221709932599
0.7426500831331525
0.7541493475437164
0.7193269090993064
0.7567486805575234
0.7351454496383667
0.7247235774993896
0.7302172652312687
0.7363559944289071
0.7394266894885472
0.751177327973502
0.763882360288075
0.7409556933811733
0.7177776438849313
0.7290170022419521
0.733026500259127
0.7592305966785976
0.746628212077277
0.7136979145663125
0.7432931917054313
0.7398022072655814
0.72987499833107
0.7516322646822248
0.7184027986867088
0.739682810647147
0.720724778515952
0.7357886689049857
0.7300859434264046
0.744597349848066
0.7649199451719012
0.7558238336018154
0.7349657714366913
0.7381771419729505
0.7315848256860461
0.7533626002924783
0.7359595213617597
0.7446590662002563
0.7496132808072227
0.7326260464532035
0.7517620878560203
0.7254278361797333
0.7533470392227173
0.7535038079534259
0.7245592943259648
0.7293859464781625
0.7650350247110639
0.7217279246875218
0.7269606036799294
0.7233690576893943
0.7377032807895115
0.7200128350939069
0.7429448706763131
0.7426021141665322
0.733891521181379
0.7302133611270359
0.7461039849690029
0.7341639569827488
0.7391040197440556
0.738832631281444
0.7341070388044629
0.7472960310322898
0.7399270704814366
0.7290055113179343
0.7296491818768638
0.7320965911660876
0.7214174015181405
0.7387632599898747
0.7411574465887887
0.7356651255062648
0.745019372020449
0.7244441849844796
0.7464197831494468
0.7290741332939693
0.7420674179281507
0.7505278033869607
0.7490800746849605
0.7438526919909886
0.7313385605812073
0.7472051722662789
0.7279412405831474
0.7266087319169726
0.7411551773548126
0.7500946606908526
0.737972195659365
0.7512263059616089
0.7329994099480766
0.7415142910821098
0.722056759255273
0.7301310087953296
0.7424214950629643
0.7264045178890228
0.726234814950398
0.7375162073544094
0.7229133674076625
0.7253527939319611
0.7593884766101837
0.739307314157486
0.7234912088939122
0.7327907511166164
0.7167542491640363
0.7330364542348045
0.7392435542174748
0.7147562844412667
0.7199471124580928
0.741907000541687
0.7495914782796588
0.7564990563052041
0.7262296634060996
0.7342734720025744
0.7477889657020569
0.7315225899219513
0.742844969034195
0.7378888045038495
0.726371956723077
0.7418507465294429
0.7268524638244084
0.7306562874998365
0.7168765876974378
0.7462356175695147
0.7515565029212407
0.7590383206095014
0.7265705934592656
0.733923043523516
0.7548358993870872
0.7359030502183097
0.7198515576975686
0.7305642323834556
0.7351991704532078
0.7260539148535047
0.7254726716450283
0.7351828387805394
0.7250742614269257
0.7406843432358333
0.7412968235356467
0.7256708230291095
0.732512103659766
0.7503423392772675
0.7123005815914699
0.7286483304841178
0.7421104269368308
0.7454222781317574
0.7385639207703727
0.7346697790282113
0.7506895022732871
0.7425329302038465
0.7277126567704337
0.744694995028632
0.7393612052713122
0.7406345776149205
0.7418415972164699
0.7410627262932914
0.7406697358403888
0.7370772191456386
0.7327334667955127
0.7282702284199851
0.7285101286002568
0.7549908970083509
0.7619628608226776
0.7307805120944977
0.743642543043409
0.757359504699707
0.7316960181508746
0.725573650428227
0.7594773471355438
0.7087144681385585
0.7317723546709333
0.743143869297845
0.7363680728844234
0.7420916301863534
0.7266746205942971
0.7274151487009866
0.7246441202504295
0.7513559332915715
0.7449300374303546
0.7293671199253627
0.7382153485502515
0.7398662907736642
0.7181239170687539
0.7330665290355682
0.741763596023832
0.7339527564389365
0.7356190553733281
0.7385048908846719
0.7247487945216042
0.7355660370418003
0.7272228257996696
0.7290808090141842
0.7393937706947327
0.733865886926651
0.7320743245737893
0.7364448521818433
0.7535001337528229
0.7626323444502694
0.7210244876997811
0.745410008089883
0.7420691379479
0.7227851876190731
0.7350958159991673
0.7431412552084241
0.739317272390638
0.7371407619544438
0.7382154379572187
0.7196132923875537
0.74369187440191
0.7401594689914158
0.7378560091767993
0.7326691150665283
0.7280276673180717
0.7250827465738569
0.7477091380528041
0.7411217561789921
0.7401094564369747
0.7334232968943459
0.7237545890467507
0.7470845835549491
0.728038319519588
0.7418211698532104
0.7196647950581142
0.7469777720315116
0.7368873698370797
0.746720165014267
0.7345828839710781
0.7474754495280129
0.7295471131801605
0.7352344478879657
0.7410740980080196
0.7470349797180721
0.7241779140063694
0.7404409093516213
0.7157014948981149
0.7544140432562146
0.7473535793168204
0.7279054479939597
0.7323138160364968
0.7351744472980499
0.7584938151495797
0.7488441382135663
0.7304373979568481
0.7270919297422681
0.7277506377015796
0.7386104123932975
0.7390895741326469
0.7130556404590607
0.7268081818308149
0.7422294659273965
0.7208609197820935
0.7355864431176867
0.7337998918124607
0.7233492434024811
0.7370758482388088
0.7545254145349775
0.7254146082060677
0.7021905737263816
0.7470811690602984
0.7242143452167511
0.7384287416934967
0.7409756055900029
0.7286254635878971
0.7408270069531032
0.7384603789874485
0.7614526876381466
0.7346282133034298
0.7381436611924853
0.7331951345716204
0.7298989466258458
0.7499626193727765
0.7339815625122615
0.7330062985420227
0.7395186637129102
0.7232466297490256
0.7257023198263985
0.7377921342849731
0.7343046196869442
0.7289840153285435
0.7259604547704969
0.7448517254420689
0.732003139598029
0.7324510259287698
0.7442291847297123
0.7343204362051827
0.7238519872937884
0.7428791565554482
0.7483979676451001
0.7513421646186283
0.7391702660492488
0.7710584614958081
0.7524017223290035
0.7262467997414725
0.7367898225784302
0.7532851610864911
0.743178631578173
0.7215906509331295
0.7410951427050999
0.7377093264034816
0.7359243588788169
0.7321620796407972
0.7439346398626056
0.7438072604792458
0.7432836251599448
0.7221594793455941
0.7505295617239816
0.7558413190501077
0.7476265898772648
0.7214796032224383
0.7480858436652592
0.7483609872204917
0.7356418711798531
0.7354856090886253
0.7323816333498273
0.7436298557690212
0.7386736912386758
0.7440905017512185
0.7465183096272605
0.7270135240895408
0.7154259085655212
0.7457297742366791
0.7416147930281503
0.7400072855608804
0.716137843472617
0.7498140292508262
0.7340275432382312
0.7544047789914268
0.7372713003839765
0.7233807146549225
0.748161643743515
0.7359455738748822
0.7334135855947223
0.7223293909004757
0.7389800931726184
0.7342012482030051
0.7426404527255467
0.7239194256918771
0.7456106926713671
0.7604141192776817
0.7175432443618774
0.7268837690353394
0.7414288478238242
0.733103368963514
0.7405307676110949
0.7370545182909284
0.7529829485075814
0.7129866991724286
0.7423575052193233
0.7368756702968052
0.7562036173684257
0.7572870084217617
0.7378641835280827
0.7323067741734641
0.7240552689347949
0.7424450899873462
0.7373932642596108
0.7502441874572209
0.7353487057345254
0.7336098040853228
0.7475680496011462
0.7396959917885917
0.7392998337745667
0.7441701463290623
0.7286200523376465
0.7265993782452175
0.7400542795658112
0.7357390820980072
0.7377811627728599
0.7393227006707873
0.7323297304766518
0.7349698671272823
0.7170677014759609
0.721517128603799
0.74250876052039
0.7455949059554509
0.7358829804829189
0.7347813546657562
0.7386110297271183
0.7354419912610736
0.7401268311909267
0.7433280689375741
0.7195934908730643
0.7466861392770495
0.7343046282018934
0.7457155457564763
0.7532570958137512
0.7581458389759064
0.7343516179493496
0.746518190417971
0.7414129887308393
0.7411243106637683
0.7339116334915161
0.7462383338383266
0.7354116056646619
0.7544083680425372
0.7357787021568843
0.7206174007483891
0.7539730753217425
0.7506196626595089
0.7411043899399894
0.7562354505062103
0.7516586482524872
0.7333318165370396
0.7222353262560708
0.7617736671652112
0.7455849519797734
0.7402660591261727
0.7405010163784027
0.7447873439107623
0.7379877822739738
0.7449259502547128
0.7276230922767094
0.718334321464811
0.7355140830789294
0.7381843711648669
0.7456996100289481
0.7541082118238721
0.729837600673948
0.737069845199585
0.737111325774874
0.756364358322961
0.7280939306531634
0.7718708770615714
0.7265887345586505
0.7115756741591862
0.7424570109163012
0.7132076706205096
0.7462274815355029
0.7387147120067051
0.7262512956346784
0.7417604625225067
0.7182708169732775
0.7462732834475381
0.7276348727090018
0.7352961344378335
0.7674239362989154
0.7499105887753623
0.7237370993409838
0.7316517404147557
0.7219735511711666
0.7576455644198826
0.7360700837203434
0.7351661665099007
0.7232976981571743
0.757018906729562
0.7345628184931619
0.744084004844938
0.7361204155853817
0.7386129413332257
0.7533233676637922
0.74674049445561
0.7439242090497699
0.7474056652614048
0.733897192137582
0.741582738501685
0.744300480399813
0.7447729408740997
0.7227930426597595
0.7400401617799487
0.738489453281675
0.7310967062200818
0.7175021810191018
0.7584580906799862
0.7286835142544338
0.7371563357966286
0.7479615807533264
0.709467066185815
0.7250303328037262
0.7177666851452419
0.7353761621883937
0.7648238922868457
0.7322383735861097
0.7507518487317222
0.7506670483521053
0.7423455332006726
0.7522410835538592
0.7450468242168427
0.7443544609206063
0.7440912340368543
0.7151261440345219
0.7188064243112292
0.732252048594611
0.7353944139821189
0.7377455021653857
0.7350337122167859
0.7363085193293435
0.7341288115297046
0.7501694176878247
0.7525874887193952
0.723622739315033
0.742278162922178
0.7397641156400953
0.7436589130333492
0.7525693433625358
0.704752619777407
0.7173770793846675
0.7305911311081478
0.7392531718526568
0.7254101506301335
0.7344140665871757
0.7436499169894627
0.7048847888197217
0.740974064384188
0.7517894974776677
0.7479030873094287
0.7411025847707476
0.7399569877556392
0.740065199988229
0.7348725114549909
0.7493472993373871
0.732850079025541
0.7195525297096798
0.7406143716403416
0.7315830077443805
0.7488642079489571
0.7394457714898246
0.7387580914156777
0.7349943603788104
0.7475027101380485
0.743187244449343
0.7639120263712746
0.7417363013539996
0.7406263649463654
0.7228719166346959
0.7380050122737885
0.7316698219094958
0.745594322681427
0.7546056509017944
0.7480301644120898
0.7355436427252633
0.7179426976612636
0.7305602260998317
0.7534998570169721
0.7385483511856624
0.7428558937140873
0.7365785326276507
0.7597956359386444
0.7252502994877952
0.7265245190688542
0.7623610751969474
0.7174660350595202
0.728616612298148
0.7198763234274728
0.728750331061227
0.7418487540313176
0.7370016830308097
0.7682104281016758
0.7196052713053567
0.7579038100583213
0.761047967842647
0.7161144316196442
0.7163048642022269
0.7556481446538653
0.7264995404652187
0.7451380576406207
0.7323537511484963
0.7109062501362392
0.7459881433418819
0.7366821638175419
0.7451950354235513
0.7268881372043065
0.7304489484855107
0.7579086976391929
0.7438145961080279
0.7502554953098297
0.7398266749722617
0.7410900805677686
0.7207272946834564
0.7293972074985504
0.7495277353695461
0.7493320873805455
0.7480614185333252
0.7524388219629016
0.7458184702055795
0.7463263698986599
0.7197352051734924
0.7355101491723742
0.7453686424664089
0.7398284418242318
0.7316464270864215
0.7248477126870837
0.7242530414036342
0.7351516953536442
0.7415550138269152
0.7438996859959194
0.7196437248161861
0.7298951532159533
0.7344073057174683
0.7306696942874363
0.7128127217292786
0.7292321494647435
0.735909640789032
0.7310920911175864
0.7407276034355164
0.7161001520497459
0.732718927519662
0.7539872569697244
0.7424051506178719
0.7332628071308136
0.7397573377404895
0.738851398229599
0.7418598915849414
0.7420075578348977
0.748478868177959
0.7239981421402523
0.7371268740722111
0.7229793965816498
0.7314790572438922
0.7256805641310555
0.7370474125657763
0.727643758058548
0.7448629822049823
0.73185938170978
0.7242737327303205
0.7297878691128322
0.737834061895098
0.7266660077231271
0.7274970838001796
0.7408022029059274
0.7525030374526978
0.7207618909222739
0.7506266364029476
0.739226405109678
0.7136426440307072
0.7364691538470132
0.7290667508329663
0.7368854284286499
0.7139288442475455
0.7366052355085101
0.7390642975057874
0.7297263188021523
0.7412061520985195
0.7569986964975085
0.7456744611263275
0.7418142429419926
0.7245056203433445
0.7487730469022479
0.7396629112107413
0.724506356886455
0.7277019960539681
0.7371285770620618
0.7371103848729815
0.7246466789926801
0.7510358095169067
0.7451428174972534
0.7226711639336177
0.7462790736130306
0.7143093390124184
0.755686091525214
0.7414576496396746
0.7298850161688668
0.7182176666600364
0.7177426602159228
0.7459908085209983
0.7461471472467694
0.7422004469803402
0.7591592201164791
0.7176331664834704
0.7295149351869311
0.714653206723077
0.7423579735415322
0.7302380331924984
0.7507206457001823
0.7674874109881265
0.729602324111121
0.7282159158161708
0.7429952876908439
0.7313783977712903
0.7398029778684888
0.7264671197959355
0.7431742676666805
0.7280757171767098
0.7189716483865466
0.7263409452778953
0.7141930120331901
0.739067724772862
0.7274068636553628
0.7588576929909843
0.7347750834056309
0.7352727736745562
0.7354028054646083
0.7429593205451965
0.7301048721585955
0.725499336208616
0.7289239381040845
0.7338513944830213
0.7259675775255475
0.7525066563061306
0.7386037920202527
0.742788770369121
0.7507331371307373
0.7436270798955645
0.753162852355412
0.7464332027094704
0.738101418529238
0.7445525399276188
0.7313616744109562
0.7453918627330235
0.729077764919826
0.7349921252046313
0.7421964492116656
0.727902923311506
0.7206043515886579
0.7171487382480076
0.7204383994851794
0.7210827852998462
0.7317422798701695
0.726425072976521
0.7345379846436637
0.7379104963370732
0.7362132796219417
0.7578498125076294
0.7531320921012333
0.7347962175096784
0.7410403532641274
0.7456739289419991
0.7531039629663739
0.713546450648989
0.7337919047900608
0.7258597825254712
0.7501895427703857
0.7376015526907784
0.7408894428185054
0.7403838464191982
0.7376433908939362
0.7337886435644967
0.7359542889254433
0.7537307568958828
0.739225195986884
0.7538744551794869
0.7439425161906651
0.7567970028945378
0.7231921340738025
0.7344263792037964
0.7465590068272182
0.7174886848245349
0.7349318265914917
0.7521935062749046
0.7342994213104248
0.7569883167743683
0.7397532931395939
0.7574018154825483
0.7375100893633706
0.735093504190445
0.7497135017599378
0.7451305176530566
0.7311659795897347
0.7341980040073395
0.7281979450157711
0.7245565397398812
0.7258375457354954
0.7261639194829124
0.7332530489989689
0.7378815625395093
0.750819844858987
0.7335359581879207
0.7267231387751443
0.7354108989238739
0.7547416388988495
0.7402151652744838
0.755918162209647
0.7424522510596684
0.7409954709666116
0.769344653402056
0.7368312222617013
0.7363719812461308
0.7543683350086212
0.7494809286934989
0.7413952137742724
0.7197936177253723
0.7225467434951237
0.738545800958361
0.7420352739947182
0.7306661052363259
0.7356175780296326
0.7238532687936511
0.7533692376954215
0.7338711363928658
0.7214759928839547
0.7352389522961208
0.752528897353581
0.7213351556232998
0.7361926308700016
0.7353613589491163
0.7295159825256893
0.7298520590577807
0.7374427914619446
0.7488053143024445
0.7449659151690347
0.7389405242034367
0.7317729294300079
0.7289640775748661
0.7411951720714569
0.7394148749964577
0.7434444427490234
0.742015153169632
0.7522621708256858
0.7223493541990008
0.7444366812705994
0.7471889640603747
0.7376427224704197
0.7255718963486808
0.7350982853344509
0.7315496717180524
0.7592811073575702
0.7661756277084351
0.7246794998645782
0.7507165925843375
0.7275937667914799
0.7411851627486092
0.7193545230797359
0.7402741653578622
0.7490446993282863
0.7327246708529336
0.7424706433500562
0.7354358008929661
0.7386279957635062
0.7158594259193966
0.7223797270229885
0.7386110254696437
0.7592699187142509
0.7355213676180158
0.7420770057610103
0.7436043875558036
0.7197809900556292
0.747811325958797
0.7388647283826556
0.735014089516231
0.7415644143308912
0.7452498035771506
0.7420218374047961
0.7228759271757943
0.730018424136298
0.7470869166510445
0.7485419171197074
0.7234892206532615
0.7377953273909432
0.750849506684712
0.7419537476130894
0.7440486465181623
0.7370244094303676
0.7431205894265857
0.7465311629431588
0.7293242514133453
0.738147782427924
0.7227303428309304
0.7404697111674717
0.7381910979747772
0.7298648187092373
0.7325025839465005
0.7308423093387059
0.7351724292550769
0.7475168066365379
0.7365959755011967
0.742530277797154
0.7498014186109815
0.7458997326237815
0.7388098154749189
0.7535623780318669
0.7329582614558083
0.7621494787079948
0.7573658866541726
0.7620237341948918
0.7485183647700718
0.7389006572110313
0.7447103900568826
0.7235231442110879
0.7413023156779153
0.7343105546065739
0.7324654672827039
0.7505116420132774
0.7313474076134818
0.735535340649741
0.7382591366767883
0.7351704835891724
0.7163105053561074
0.7581836368356433
0.7314426813806806
0.7271389365196228
0.7378065373216357
0.7307488237108503
0.7492955923080444
0.7395263356821877
0.7255505067961556
0.7337192382131305
0.7520066244261605
0.7545668525355202
0.7470981819289071
0.7259030767849514
0.7615634330681392
0.727323625768934
0.7430491192000253
0.7300096069063459
0.7351996004581451
0.7365165437970843
0.7179835098130363
0.7513827681541443
0.7210787151541028
0.7350744179316929
0.74324660216059
0.7482996157237461
0.7313025168010167
0.7334391091551099
0.7345637083053589
0.738824167421886
0.7582059928349086
0.7286997096879142
0.7490387644086566
0.747766946043287
0.7402262985706329
0.7372778356075287
0.7517474165984562
0.7202659164156232
0.7115895790713174
0.7311181809220996
0.732123783656529
0.7492049336433411
0.7376155810696738
0.7289612889289856
0.7586859805243356
0.744014344045094
0.7316768382276807
0.7222939048494611
0.7314802621092115
0.7388459869793483
0.7425331941672734
0.7386929435389382
0.7271329419953483
0.7187028442110334
0.7273230595248086
0.7211506877626691
0.7402205126626151
0.727787047624588
0.7210657554013389
0.7557177884238107
0.7200129202433995
0.7371529085295541
0.7439472207001278
0.723749680178506
0.7262749671936035
0.7161097952297756
0.7358760748590741
0.7235298241887774
0.734377886567797
0.7408061240400586
0.7171028682163784
0.7439925244876316
0.7205797817025866
0.7266517324107034
0.7386431694030762
0.7486448756286076
0.7125129784856524
0.7326820194721222
0.7411659359931946
0.7580950260162354
0.7565910475594657
0.7590346166065761
0.7565235197544098
0.726094663143158
0.7310801190989358
0.7555050296442849
0.7294386880738395
0.7464445871966225
0.7435946634837559
0.7349942624568939
0.7140686128820691
0.7278992278235299
0.7282376757689885
0.7495740056037903
0.7556362577847072
0.7375078499317169
0.7477377823420933
0.7426863397870745
0.7410956365721566
0.7597834042140416
0.7396355654512133
0.7322365726743426
0.7302719610077995
0.7412536910602024
0.7462759741715023
0.7437439646039691
0.7230563717229026
0.7345045719827924
0.723164439201355
0.736140136207853
0.7160655430385044
0.7246677364621844
0.7302608404840741
0.727745750120708
0.7252914096627917
0.7434624348367963
0.7337414494582585
0.7345118607793536
0.7587870827742985
0.7079554923943111
0.7441524522645133
0.7171784937381744
0.7464968689850399
0.7169293633529118
0.7477764657565525
0.7327046947819846
0.7501929019178663
0.7303488850593567
0.747521196092878
0.7309999806540353
0.7455616891384125
0.7442426128046853
0.7164019048213959
0.7366864127772195
0.7405420030866351
0.7359184793063572
0.7362050882407597
0.7415633840220315
0.7540538268429893
0.703328149659293
0.7382247064794812
0.7195236299719129
0.7313085964747837
0.7333611931119647
0.7421973901135581
0.750596855367933
0.7433919949190957
0.725638576916286
0.7452039974076408
0.7169454225472042
0.7573962679931096
0.7211421132087708
0.7565653068678719
0.7497195558888572
0.7232353176389422
0.7404974443571908
0.7416397503444127
0.748907174382891
0.7550740199429649
0.7508483060768673
0.7235478758811951
0.741412205355508
0.7222892429147448
0.7431024185248783
0.7550013363361359
0.7541791881833758
0.736958350454058
0.7402847409248352
0.7400247582367488
0.7527405321598053
0.737446244273867
0.732392851795469
0.7199648065226418
0.7468179208891732
0.7421668299606868
0.7590413008417402
0.747786317552839
0.7436111271381378
0.7204070133822305
0.7429897316864559
0.7476682407515389
0.731736809015274
0.7478939720562526
0.7327985550676074
0.7470233142375946
0.7231441608497075
0.749718942812511
0.7462585142680577
0.7752525082656315
0.7668548396655491
0.7232550765786853
0.7310034802981785
0.7545459355626788
0.7357453533581325
0.731666773557663
0.7088062252317157
0.7510400755064828
0.7418148304734912
0.7361138250146594
0.7467747671263558
0.7221025483948844
0.7367437396730695
0.7228914371558598
0.7392406506197793
0.7275967725685665
0.7384980193206242
0.7350565578256335
0.7392430901527405
0.7536756140845162
0.7183235543114799
0.7427278629371098
0.7451556580407279
0.7388967488493238
0.747831961938313
0.7441073102610452
0.75327040042196
0.7224787175655365
0.7312251286847251
0.7428239583969116
0.7141744877610888
0.7359007596969604
0.744579370532717
0.7226162127086094
0.7463959072317395
0.7080012006419045
0.7345651175294604
0.7320321031979152
0.7350134381226131
0.7377225416047233
0.7334120699337551
0.727992194039481
0.7339663548128945
0.7529993440423693
0.7390880967889514
0.755031841141837
0.7221565842628479
0.7170487812587193
0.7458418096814837
0.7193429299763271
0.7385666072368622
0.7327623878206525
0.72790008357593
0.7311284797532218
0.7397968556199755
0.7453001950468335
0.7515112502234322
0.7589246502944401
0.7421808881419045
0.7307002203805106
0.7256401181221008
0.7130676337650844
0.7450953253677913
0.73224424464362
0.712767060313906
0.7416932157107762
0.7434149299349103
0.7402237057685852
0.7486660565648761
0.7397438585758209
0.7475802642958504
0.7302054464817047
0.7569395644324166
0.7328567675181797
0.7555524025644574
0.744212167603629
0.7364957800933293
0.7337918281555176
0.739718713930675
0.7348316482135228
0.7461575865745544
0.7200926116534642
0.7338036469050816
0.7258000799587795
0.7458614877292088
0.7272635187421527
0.7402790571962085
0.7102968607630048
0.712681519133704
0.7638720401695797
0.7276697073663984
0.7520544571535928
0.7387313757623944
0.7470964278493609
0.763005929333823
0.7373065650463104
0.7533010584967477
0.7240562524114337
0.7368440330028534
0.7222612159592765
0.7136223486491612
0.7354176810809544
0.7332846437181745
0.7503349823611123
0.720285428421838
0.7473292052745819
0.7259207495621273
0.7048662049429757
0.7564604324953896
0.7492257697241647
0.7381430097988674
0.7607442055429731
0.7369023816926139
0.7419908940792084
0.7461234416280474
0.7297194089208331
0.7270033189228603
0.7327985848699298
0.7474258201462882
0.7326095913137708
0.7317259567124503
0.7542698936803001
0.7666602645601545
0.734354704618454
0.7445716347013202
0.722289868763515
0.739290863275528
0.7400595460619245
0.7434769485677991
0.7360551186970302
0.7311324264322009
0.7306189111300877
0.7344561644962856
0.7291396643434253
0.742577850818634
0.7279734739235469
0.732691079378128
0.7284173795155117
0.7381941633565086
0.712909575019564
0.7302978379385812
0.7161995385374341
0.7293635521616254
0.7279209068843296
0.7456244357994625
0.7428283095359802
0.7472302615642548
0.7362953509603228
0.7382772777761731
0.7260875531605312
0.7258334159851074
0.7507186361721584
0.7470903056008475
0.7154301575251988
0.7289612676416125
0.7335094043186733
0.7115274284567151
0.7361201643943787
0.728689798286983
0.7287639549800328
0.7488903743880135
0.7386548135961805
0.7394585311412811
0.7281398219721658
0.720936541046415
0.7386095183236259
0.7218435747282845
0.7195318426404681
0.7395526724202293
0.746391909463065
0.7349962166377476
0.7599285840988159
0.7405526808329991
0.7332308122089931
0.7193362627710614
0.7338804687772479
0.7350549485002246
0.7241567671298981
0.737296815429415
0.7239306313650948
0.7371522571359362
0.7260843813419342
0.7418288631098611
0.7507723910467965
0.7189697240080152
0.7330662437847683
0.7327535280159542
0.7391372280461448
0.7381042412349156
0.72645189506667
0.7335838803223201
0.7528635689190456
0.7292579880782536
0.7282094444547381
0.7517724760941097
0.7330655923911503
0.725348562002182
0.7437759680407388
0.7438186492238726
0.7436362632683345
0.7426588535308838
0.7481564240796226
0.7464429310389927
0.7390247242791312
0.7132378646305629
0.7175060893808093
0.7251195652144296
0.7412883937358856
0.7455084834780011
0.73314910701343
0.7207738203661782
0.7359728131975446
0.7506774195602962
0.7694242383752551
0.7432986923626491
0.7348662444523403
0.7365485174315316
0.7304394543170929
0.7298175266810826
0.7364119035857064
0.7473404152052743
0.716960975102016
0.7233786582946777
0.7464464817728315
0.739210946219308
0.7497059064252036
0.739188769033977
0.7476217022963932
0.7330273006643567
0.7470896073750087
0.7567308034215655
0.7125394301755088
0.7425422923905509
0.7437580142702375
0.7362629643508366
0.7548566503184182
0.7339426619665963
0.7501793205738068
0.74020197561809
0.7412040446485791
0.7540786010878426
0.7319493251187461
0.7213028541633061
0.7387655590261731
0.7515696116856166
0.737247496843338
0.7442424850804465
0.7243039011955261
0.7151531491960798
0.7475878298282623
0.7336331861359733
0.7474558225699833
0.7218343658106667
0.7360357514449528
0.7551771232060024
0.7412668636866978
0.738625556230545
0.744366888489042
0.7085615566798619
0.7371479826314109
0.7275435115609851
0.7526912561484745
0.7457666950566428
0.7213496140071324
0.7380479787077222
0.740938310112272
0.7437162612165723
0.7478183933666774
0.7348838533673968
0.7392344347068242
0.7514864121164594
0.73725454722132
0.7276196650096348
0.7208833651883262
0.7602805495262146
0.7323914042540959
0.7442641982010433
0.743007481098175
0.7490273288318089
0.7371982846941266
0.7463980913162231
0.7227482497692108
0.7388377104486737
0.7359766236373356
0.7443816619259971
0.7448486813477108
0.7510347238608769
0.7468592950275966
0.7450429243700845
0.7497439937932151
0.7325056408132825
0.7159389768327985
0.7239576237542289
0.7260036425931113
0.7230208430971418
0.7426616464342389
0.7412259663854327
0.756583354302815
0.7346085352557046
0.7318673942770276
0.7438627907208034
0.7345044272286552
0.743239551782608
0.744604902608054
0.7359707823821476
0.744324620280947
0.7544111779757908
0.734855477299009
0.7276506083352225
0.7605476294245038
0.7671077847480774
0.74020944748606
0.7452566495963505
0.7372426901544843
0.7568379087107522
0.7580343101705823
0.7252309535230909
0.7237883678504399
0.7354774304798671
0.7345756930964333
0.7037112627710614
0.7283393314906529
0.7409517296722957
0.7356179015977042
0.7371095163481576
0.74323941554342
0.7413059004715511
0.7270913464682442
0.7322525765214648
0.7488617088113513
0.7226721005780357
0.7558425281729017
0.7433301678725651
0.7537075749465397
0.7493675351142883
0.7401426306792668
0.7251895793846675
0.7084131581442696
0.765165171452931
0.7480559349060059
0.7356397254126412
0.7464634052344731
0.7423050573893956
0.7384223299367088
0.7377949484757015
0.7379528880119324
0.7409930995532444
0.7473816871643066
0.7367761305400303
0.7557581833430699
0.7419465226786477
0.7283598269735064
0.7242071287972587
0.7266430514199393
0.7297610810824803
0.7331899872847966
0.7442849321024758
0.7234036539282117
0.7474515523229327
0.7410632712500436
0.7310814389160701
0.7285985265459333
0.7367234485489982
0.7391333367143359
0.7196302201066699
0.7132547795772552
0.7483076793806893
0.7317835858889988
0.7290978857449123
0.723748002733503
0.7193281650543213
0.7443423696926662
0.7253466461385999
0.7359629826886314
0.734587869473866
0.7232008235795158
0.7248622008732387
0.7317554950714111
0.7345398621899741
0.7134950075830732
0.7358505811010089
0.7400996685028076
0.7306641893727439
0.7334027418068477
0.7573207063334328
0.7481537248407092
0.7408592445509774
0.7408983366830009
0.7350984641483852
0.7381109084401812
0.7532731294631958
0.7509836980274746
0.7323830638613019
0.7406818611281258
0.7236621635300773
0.7221519734178271
0.7193552894251687
0.746336681502206
0.7536828901086535
0.7549719640186855
0.7335061047758374
0.7243209608963558
0.7548428773880005
0.7312761843204498
0.754206759589059
0.7209524086543492
0.7573104075023106
0.697901542697634
0.7425947529929025
0.7174413757664817
0.7382218369415828
0.7232963825975146
0.7433841611657824
0.7232752570084163
0.7335925102233887
0.7415911895888192
0.7219791199479785
0.7353070506027767
0.7302504011562893
0.7359291400228228
0.7283196321555546
0.7367559713976723
0.7306753737585885
0.7391451554638999
0.7331781983375549
0.7376617959567479
0.7365777620247432
0.7614879778453282
0.7269456940037864
0.7373262218066624
0.7513649208205087
0.7369965698037829
0.7543831595352718
0.7213086145264762
0.7640882560185024
0.7526585757732391
0.7231519648006984
0.7278621920517513
0.7319560348987579
0.7492633845124926
0.7168336510658264
0.7190726484571185
0.7363545511450086
0.7478936101709094
0.7492570153304509
0.734160623380116
0.7413174595151629
0.7328588834830693
0.7485695779323578
0.7256114482879639
0.7307920455932617
0.7335387170314789
0.7314308839184898
0.7531412286417825
0.7421241104602814
0.742680047239576
0.7332682737282344
0.7516408222062247
0.7035225289208549
0.7281649453299386
0.7326753267220089
0.7381072129522052
0.7304459384509495
0.7285591491631099
0.7301422229834965
0.7069847583770752
0.7494459535394397
0.7435841092041561
0.7417420063699994
0.729353917496545
0.7400519592421395
0.7421695121697017
0.743898617369788
0.7360418396336692
0.7451587021350861
0.7465123363903591
0.7358552643230983
0.7308991083077022
0.7093242279120854
0.7455711151872363
0.7385194557053703
0.7373714830194201
0.7535332909652165
0.7361214203493935
0.7232598875250135
0.7331569024494716
0.7349026075431279
0.7293591584478106
0.7490133259977613
0.7380028920514243
0.72536529813494
0.7355437747069767
0.7548674302441734
0.7311471402645111
0.7337053034986768
0.7324811773640769
0.726916470697948
0.7516987877232688
0.739727680172239
0.7348384857177734
0.7401404891695295
0.7390264442988804
0.7140787158693586
0.7342534065246582
0.7437853004251208
0.7370901363236564
0.7519267925194332
0.7484595945903233
0.7219019361904689
0.7358622678688594
0.7454249688557216
0.7261596747807094
0.7335747139794486
0.7405940507139478
0.7305513492652348
0.745355989251818
0.7441721473421369
0.7471647305147988
0.7290722046579633
0.7390348528112684
0.7523968475205558
0.7403033886637006
0.7369257467133659
0.7414773191724505
0.7443979041916984
0.7394149856907981
0.7258262634277344
0.7529433156762805
0.7413568539278848
0.7280900818961007
0.7373219217572894
0.7278471631663186
0.747836994273322
0.7493912747928074
0.7230235465935299
0.7355688214302063
0.7308369534356254
0.7503831429140908
0.7151776339326587
0.7207106479576656
0.7346659898757935
0.7314331531524658
0.7387310777391706
0.756127404315131
0.7438404772962842
0.7390377351215908
0.7404010253293174
0.7352542792047773
0.7558549131665911
0.7419488685471671
0.7210262800965991
0.7371207262788501
0.7163404268877847
0.7178365886211395
0.7438521087169647
0.7477110070841653
0.7479997958455767
0.7291153626782554
0.7329446034772056
0.7346358597278595
0.7245320550033024
0.7259734230382102
0.7501064794404166
0.7414847016334534
0.7669849821499416
0.7426254025527409
0.7351515505995069
0.7338282082762037
0.7516183044229235
0.7468036030020032
0.7318754919937679
0.7430916385991233
0.732155020747866
0.7392815266336713
0.7219906193869454
0.7254345885344914
0.741187470299857
0.7351811187607902
0.7264067360333034
0.7259332026754107
0.7373661398887634
0.7477919459342957
0.7513919770717621
0.7452657052448818
0.7255283381257739
0.7170623413154057
0.7356281323092324
0.7334978878498077
0.7341431549617222
0.7500698566436768
0.7373077358518328
0.7477458545139858
0.7352624578135354
0.7459744129862104
0.7434776382786887
0.7414104555334363
0.7450860525880542
0.7416923940181732
0.7471346982887813
0.7330189645290375
0.7564140941415515
0.7379410266876221
0.7544408866337368
0.7192727753094265
0.7476529904774257
0.7524627361978803
0.727024929864066
0.7202968086515155
0.7187815734318325
0.7335546740463802
0.7389997967651912
0.7302753031253815
0.7414602552141462
0.7298648825713566
0.7349443137645721
0.7301702712263379
0.7520030651773725
0.7379766489778247
0.7269765436649323
0.7200136184692383
0.7066633105278015
0.7522535366671426
0.7229799117360797
0.7591693869658879
0.7253455008779254
0.7371902806418282
0.7469545730522701
0.7206422218254634
0.7662907370499202
0.735078479562487
0.7366097952638354
0.7405750751495361
0.7544405843530383
0.7616330129759652
0.7221573974405017
0.738715831722532
0.724300925220762
0.7481473386287689
0.7298738828727177
0.7452809640339443
0.7457049701895032
0.7314223051071167
0.7364314879689898
0.7510905393532344
0.7381127859864917
0.728559706892286
0.7166269677025932
0.7261232648577008
0.7274553946086338
0.7316741177013942
0.745468407869339
0.7456978133746556
0.7234807184764317
0.7498663493565151
0.7184191175869533
0.7297031666551318
0.7326183702264514
0.7501705799783979
0.7431991866656712
0.7317531194005694
0.7361436656543187
0.7315164634159633
0.7457359688622611
0.7444694808551243
0.7426829934120178
0.7205497963087899
0.7528179713657924
0.7262782539640155
0.7480706529957908
0.7375444897583553
0.7313115085874285
0.7316856043679374
0.7479465007781982
0.7385379842349461
0.7324582125459399
0.7391299775668553
0.7320917461599622
0.733342136655535
0.7268445449216026
0.7447417463575091
0.7400535004479545
0.7350640382085528
0.74235457607678
0.7553510112421853
0.7505756659167153
0.7269277913229806
0.7366285834993634
0.7441597282886505
0.7290635023798261
0.7318689099379948
0.7239505520888737
0.7641523310116359
0.7392141819000244
0.7487976806504386
0.7292567023209163
0.7343217219625201
0.7473381587437221
0.7103170667375837
0.734086023909705
0.730952284165791
0.7284585876124245
0.733283770935876
0.7272232856069293
0.7551562062331608
0.7336890186582293
0.7459876111575535
0.72773420384952
0.7314877552645547
0.7421709895133972
0.7494215667247772
0.7142545878887177
0.7097938529082707
0.7195166988032204
0.7490549896444593
0.7571509012154171
0.7460348606109619
0.7512751945427486
0.747478757585798
0.7399950623512268
0.7391007585184914
0.729633629322052
0.7240025912012372
0.7338905419622149
0.744699512209211
0.7340972721576691
0.7479295773165566
0.7354010599000114
0.7450542620250157
0.7569601876395089
0.7357389117990222
0.7350076692444938
0.7361533854688916
0.7464222695146289
0.7407339087554387
0.7263637483119965
0.7361997749124255
0.7472358686583382
0.7364496162959507
0.7463835435254234
0.7104328061853137
0.7419031134673527
0.7487832989011493
0.7649627115045275
0.7371630881513868
0.7227898069790432
0.74985243167196
0.727281004190445
0.7435263906206403
0.7573244869709015
0.7229120050157819
0.7295054963656834
0.7444393762520382
0.7542806225163596
0.7320845680577415
0.733257634299142
0.7329966723918915
0.7354880443641117
0.7442432003361839
0.7607890580381665
0.7385608468736921
0.7642049619129726
0.7462035885878971
0.7410687548773629
0.7379640681403024
0.7405802266938346
0.7214971269880023
0.7528622703892844
0.739875784942082
0.7190502285957336
0.7458355980260032
0.7513222013201032
0.7434161560876029
0.7422715510640826
0.7528346521513802
0.7317180676119668
0.7307991342885154
0.7364296615123749
0.7339973790305001
0.7417985158307212
0.7289967707225254
0.7464428501469749
0.7322424267019544
0.7507055572101048
0.7165851294994354
0.7282632759639195
0.732843599149159
0.7250070061002459
0.7485910994665963
0.7338953529085431
0.7460223053182874
0.7233442195824215
0.7277792947632926
0.7207920210702079
0.7219461585794177
0.7572571805545262
0.7307886694158826
0.7323937330927167
0.7268466225692204
0.7201335515294757
0.7366570276873452
0.7410017251968384
0.7416515478066036
0.7475908781800952
0.7333193676812308
0.7360778961862836
0.7374745053904397
0.7155705264636448
0.7417808771133423
0.7306017066751208
0.735513048512595
0.7472651260239738
0.7371207262788501
0.7337392483438764
0.7223298123904637
0.7117522188595363
0.72519622530256
0.7286304490906852
0.7502826239381518
0.7274856950555529
0.7318440249988011
0.7521161181586129
0.7297425440379551
0.7376841349261147
0.7576588009084974
0.7262985408306122
0.7222672062260764
0.7459423116275242
0.7358230905873435
0.7231471197945731
0.7308646142482758
0.7396427052361625
0.7353772563593728
0.7252408351216998
0.7232035611357007
0.7529833103929248
0.7321007762636457
0.7609416629586901
0.7385422587394714
0.7423164461340223
0.7427001978669848
0.7444813890116555
0.728079582963671
0.739503630570003
0.7427903967244285
0.7178690731525421
0.7462876481669289
0.7713328429630825
0.7224614449909755
0.750050778899874
0.7379246524402073
0.7295499529157367
0.7462042059217181
0.7515488692692348
0.7350139788218907
0.7299643669809613
0.75615365590368
0.7435200469834464
0.7252000868320465
0.7249837049416133
0.739898315497807
0.7248200603893825
0.7564243461404528
0.7482644276959556
0.7187935709953308
0.7345798100743975
0.7510913695607867
0.7448147024427142
0.7425172286374229
0.7170427526746478
0.7393820413521358
0.7498690826552254
0.7289828870977674
0.7345074840954372
0.7201078832149506
0.7448886164597103
0.7700316735676357
0.7223662052835736
0.7531025792871203
0.7393874313150134
0.7236153483390808
0.7492546226297107
0.7382660465581077
0.7519231949533735
0.7425447404384613
0.7298398358481271
0.7254006522042411
0.7442781754902431
0.7251642686980111
0.7437556896890912
0.7356302993638175
0.7360432744026184
0.746686441557748
0.7191886518682752
0.7039646208286285
0.7548799216747284
0.7450779335839408
0.7413187367575509
0.734249723809106
0.7504718601703644
0.7296171018055507
0.7310251934187753
0.7336273619106838
0.7296348512172699
0.7321875052792686
0.724868369953973
0.7466979537691388
0.7454581941877093
0.739199663911547
0.7395237173352923
0.7439882584980556
0.7547456196376255
0.7173795700073242
0.7398444925035749
0.7301741370132991
0.7577267970357623
0.7261885915483747
0.7250442164284843
0.7297646829060146
0.7626799132142749
0.7279663511684963
0.7341625136988503
0.7447651624679565
0.7207986073834556
0.7549412761415754
0.7284096905163356
0.742020526102611
0.7655410213129861
0.746136452470507
0.7228213420936039
0.7385332371507373
0.7303403105054583
0.7362624789987292
0.7272166013717651
0.7213769512517112
0.7199352383613586
0.7510192862578801
0.7276682981422969
0.7444089097636086
0.7340330396379743
0.7321375778743199
0.7017254531383514
0.7504404400076184
0.7388368589537484
0.7260266840457916
0.7458845291818891
0.7349675297737122
0.7319656610488892
0.7449452791895185
0.7510550405297961
0.7422023798738208
0.7451259962150029
0.728884369134903
0.7356614002159664
0.7308358464922223
0.7400433165686471
0.7450870871543884
0.7319781226771218
0.7272858917713165
0.7524796511445727
0.732779289994921
0.7481962314673832
0.7446853050163814
0.7257220915385655
0.7354058367865426
0.7526839843818119
0.7325949413435799
0.7312438828604562
0.7146689721516201
0.7453409433364868
0.7377402271543231
0.7399506270885468
0.7574322904859271
0.7063783151762826
0.7490113292421613
0.7561515271663666
0.7029679928507123
0.7356994450092316
0.7242242268153599
0.732382595539093
0.7249525955745152
0.750345630305154
0.7215391014303479
0.7099927919251579
0.7280497593539101
0.73537820151874
0.7215887946741921
0.7313536022390638
0.7309534677437374
0.7184497799192157
0.7261827502931867
0.7501935533114842
0.734743377992085
0.7327577003410884
0.7240296687398639
0.73592523591859
0.7467995030539376
0.7386434291090284
0.7183867522648403
0.743742470230375
0.7370549525533404
0.7642821584429059
0.7459941591535296
0.7459154171603066
0.7358038297721318
0.7234116409506116
0.7509623297623226
0.7389981576374599
0.7436009517737797
0.7457117395741599
0.7244933460439954
0.7278464564255306
0.742922020809991
0.7369262618677956
0.7187549727303642
0.7353334171431405
0.7354669570922852
0.7503969286169324
0.7329946628638676
0.7570321049009051
0.7411583065986633
0.737270883151463
0.7216071614197322
0.7512311169079372
0.730207051549639
0.7352249792643956
0.725519950900759
0.7476799786090851
0.7346184594290597
0.7444763779640198
0.7428826817444393
0.7472248843738011
0.718844051871981
0.768645635672978
0.7427938069616046
0.7517123307500567
0.7275031123842511
0.7146054208278656
0.7368396350315639
0.7137652124677386
0.7387791275978088
0.7242002742631095
0.7441640879426684
0.711036707673754
0.7294048198631832
0.7329299535070147
0.7298151510102409
0.7217848386083331
0.7319462767669133
0.7358972983700889
0.7296874906335559
0.7269832619598934
0.7499784316335406
0.7893123498984745
0.7169108007635389
0.7184111177921295
0.7314444993223462
0.7597835787705013
0.7511106559208461
0.7230887881347111
0.7288903892040253
0.7264174691268376
0.7532553502491542
0.7239437316145215
0.7183111395154681
0.7347879580089024
0.737977419580732
0.7545248993805477
0.7250837683677673
0.7614603596074241
0.7250002537454877
0.7353825952325549
0.7563155889511108
0.7435724352087293
0.746798208781651
0.7481743054730552
0.741139795098986
0.7415362043040139
0.7168226029191699
0.7491651730878013
0.729400349514825
0.7334741268839154
0.7242540461676461
0.737625960792814
0.7593637917722974
0.7528875938483647
0.7454227592263903
0.7303290239402226
0.7374542355537415
0.7339505255222321
0.7219039882932391
0.7520383809294019
0.7316702944891793
0.7336618389402118
0.726493605545589
0.7234568723610469
0.742841763155801
0.7510628827980587
0.7367028764316014
0.735020637512207
0.7582820526191166
0.7359961952481952
0.7225370236805507
0.7316559510571616
0.7411796578339168
0.7163706762450082
0.7771505500589099
0.7218916671616691
0.726432740688324
0.7253913623946053
0.7458410731383732
0.7354985901287624
0.7604858747550419
0.7394298655646188
0.7245321103504726
0.7449328303337097
0.7377585853849139
0.7279173902102879
0.7440556543213981
0.7195998387677329
0.7477164098194667
0.7378836146422795
0.7249044946261815
0.7459917409079415
0.7257211208343506
0.7382074126175472
0.7497638293675014
0.7424727806023189
0.7596505326884133
0.7410360148974827
0.7405963838100433
0.753869605915887
0.7237650581768581
0.7340513297489711
0.7558250810418811
0.7312959517751422
0.7446601177964892
0.7427690965788705
0.7425233338560376
0.7500302834170205
0.7252839037350246
0.746030160358974
0.7417166445936475
0.7280059031077794
0.7447354708399091
0.7382998211043221
0.7477554678916931
0.723950479711805
0.7510663994721004
0.7321301315511975
0.7221732778208596
0.7412501403263637
0.7417873910495213
0.7171020720686231
0.7454063211168561
0.7386942378112248
0.7449224633829934
0.7515655628272465
0.7249485807759422
0.7266960399491447
0.7339759767055511
0.7234338011060443
0.7489779421261379
0.7296473256179264
0.7163632810115814
0.737694284745625
0.7466544892106738
0.7540460569517953
0.7473844630377633
0.7340046124798911
0.7341837627547128
0.7504864420209613
0.7349622419902256
0.7442298999854496
0.739490385566439
0.7165012019021171
0.740590614931924
0.7583541784967694
0.7283617768968854
0.7358348752771106
0.7632437433515277
0.7466890301023211
0.7083616427012852
0.755174560206277
0.7478881478309631
0.7189567599977765
0.7424817425864083
0.7257425359317234
0.7243087802614484
0.7132204260144915
0.745356661932809
0.7282510782991137
0.735864941562925
0.7293696914400373
0.7519275716372898
0.7319036637033735
0.7522001734801701
0.741501944405692
0.7521785199642181
0.752460071018764
0.7234007631029401
0.7568713554314205
0.7414493986538478
0.7309474136148181
0.7279387712478638
0.7165076051439557
0.7476273051330021
0.732359549828938
0.7501738795212337
0.7429566851684025
0.7358738141400474
0.719917757170541
0.7223942066941943
0.7115912692887443
0.723030264888491
0.7466955270086016
0.7514990781034742
0.7536860023226056
0.7377281401838575
0.7300415294510978
0.729123055934906
0.7354494077818734
0.7385648020676204
0.7388900092669896
0.7261493163449424
0.7328937138829913
0.7276138833590916
0.7208919993468693
0.729428367955344
0.7376584027494703
0.7626401569162097
0.7260722305093493
0.7387572569506509
0.737263526235308
0.730437308549881
0.7463201241833823
0.7689643502235413
0.7427364076886859
0.7358602413109371
0.7268610979829516
0.7292945299829755
0.735046250479562
0.7211926877498627
0.7509386582033974
0.7357440761157444
0.7285955122538975
0.7292209267616272
0.7354072162083217
0.7291980130331857
0.7362425369875771
0.7447705694607326
0.7449786620480674
0.7471680428300586
0.7421083748340607
0.726726268018995
0.6980676565851484
0.7345275921480996
0.7367794854300362
0.7385724782943726
0.7123643457889557
0.7170979678630829
0.7488407109464917
0.7429322046892983
0.732888149363654
0.7422569734709603
0.738041592495782
0.7468189213957105
0.7372294366359711
0.7267234112535205
0.7358007388455527
0.7433515957423619
0.7482237986155919
0.7380627351147788
0.7181057546819959
0.7356295202459607
0.7254159833703723
0.7323344945907593
0.7313160768577031
0.7251013517379761
0.7421378323010036
0.7195720757756915
0.7280621784073966
0.7269848585128784
0.7205823489597866
0.7420164091246468
0.7341673672199249
0.7334435497011457
0.7420628028256553
0.7311652898788452
0.7483770251274109
0.729890410389219
0.7535017813955035
0.7516407838889531
0.7475749679974147
0.7247935022626605
0.7474204301834106
0.7355406965528216
0.7424439787864685
0.750534611088889
0.7394751906394958
0.7229748581136975
0.7131319003445762
0.7273902765342167
0.7445051882948194
0.7268315638814654
0.7398200247968946
0.7403940388134548
0.7422948351928166
0.7375212780066899
0.7239462179797036
0.7231765389442444
0.7525941942419324
0.7405923690114703
0.7505079209804535
0.7322968925748553
0.7136017722742898
0.7271081251757485
0.7093973500388009
0.7453927014555249
0.7246474708829608
0.7477805529321943
0.7513359274183001
0.7302913623196738
0.7320933171680996
0.7516417375632695
0.7453458394323077
0.7826169048036847
0.7396182417869568
0.7359024456569127
0.7312544073377337
0.7271942794322968
0.7336289754935673
0.7409892678260803
0.7275725645678384
0.7361341203962054
0.7371504434517452
0.7460653739316123
0.7276107839175633
0.717117156301226
0.742831826210022
0.7258090121405465
0.7300002702644893
0.7276396240506854
0.7322253329413277
0.7507565447262355
0.7482673568384988
0.7238944470882416
0.7554943689278194
0.7265283805983407
0.7432420040879931
0.7430337922913688
0.7312490599496024
0.7345207546438489
0.7495872037751334
0.718503189938409
0.7285559390272413
0.7389963609831673
0.7332526700837272
0.7534976559025901
0.7484040345464434
0.7632530289036887
0.7232086062431335
0.7206529974937439
0.7310321245874677
0.7234342396259308
0.7283103125435966
0.7513002114636558
0.7227408162185124
0.7350829115935734
0.7392012221472604
0.7465208981718335
0.7292054763862065
0.7403491565159389
0.7311260444777352
0.7464866169861385
0.7483248582908085
0.737116779599871
0.7390162987368447
0.747318719114576
0.7452144878251212
0.7425493214811597
0.7370594186442239
0.7367203618798938
0.7229030983788627
0.7595949769020081
0.7493859955242702
0.7423707970551082
0.7292540541716984
0.7224199048110417
0.7260706424713135
0.7707406963620868
0.7376843690872192
0.7400144466332027
0.7564822350229535
0.7580702815737043
0.7399406901427678
0.7329480903489249
0.7287150408540454
0.7224400128637042
0.7196326213223594
0.7513879750456128
0.7342716668333326
0.7432057559490204
0.7150042695658547
0.7346832028457096
0.7314715598310743
0.7419199006898063
0.7265963767256055
0.7204285860061646
0.7520991308348519
0.7573538209710803
0.7239537877695901
0.7674342521599361
0.7152382475989205
0.720508051770074
0.7150919905730656
0.7430301478930882
0.7408598448548999
0.7380788837160382
0.7488110278333936
0.7426058777741024
0.7443509655339378
0.7206438652106694
0.7385252416133881
0.7244896122387477
0.7448863898004804
0.7525347982134137
0.7291336442743029
0.729743459395
0.7270247425351825
0.7296990369047437
0.727701553276607
0.743868350982666
0.7454233297279903
0.7534667764391217
0.7340775770800454
0.7441705337592533
0.7302141870771136
0.7480415190969195
0.7251638386930738
0.7592141500541142
0.7216319782393319
0.7422540656157902
0.7289851818765912
0.7265635984284537
0.7575801270348685
0.7512358129024506
0.7382160340036664
0.7494176455906459
0.7313663022858756
0.7516101045267922
0.736673252923148
0.7370394851480212
0.7431523629597255
0.7220950637544904
0.7259422966412136
0.7340159841946193
0.7333262605326516
0.7397418447903225
0.7424463629722595
0.7396237467016492
0.759428892816816
0.7415615362780434
0.7334761960165841
0.746371443782534
0.7264464923313686
0.7253162349973407
0.7534096581595284
0.735120449747358
0.7205713859626225
0.7098507157393864
0.7589934042521885
0.7204965140138354
0.7539309774126325
0.7360128547464099
0.7335564153535026
0.7278515568801335
0.7460328894002097
0.7290628722735814
0.746450641325542
0.7450641691684723
0.7333456107548305
0.7333743529660361
0.7485783398151398
0.7493372218949454
0.7249523316110883
0.7215851673058101
0.727855520589011
0.719254847083773
0.7336404153278896
0.7310058900288173
0.713335279907499
0.7326208480766842
0.7417941348893302
0.7639204689434597
0.7369443774223328
0.725344887801579
0.7395180719239371
0.738874056509563
0.7317779362201691
0.740485029561179
0.7449457134519305
0.711745057787214
0.7349101049559457
0.737305896622794
0.7396250580038343
0.7523242107459477
0.7372599286692483
0.7213234007358551
0.7261657289096287
0.7398316221577781
0.7337707962308612
0.7360545865127018
0.734768556697028
0.7454389972346169
0.719910034111568
0.754860907793045
0.7141750284603664
0.73575011747224
0.7501049893242973
0.7464006585734231
0.7442891001701355
0.7382469560418811
0.7575297951698303
0.741469259772982
0.7331096189362662
0.7288597353867122
0.7168014603001731
0.7422674340861184
0.7213964206831796
0.7361908980778286
0.7170360173497882
0.707132658788136
0.7463536262512207
0.7448458203247615
0.7405945488384792
0.728527729000364
0.7384662841047559
0.7342605079923358
0.7521249524184636
0.7480044790676662
0.7502530217170715
0.74681527699743
0.7481246292591095
0.7439215694155011
0.7331069239548275
0.7302859084946769
0.7213577585560935
0.7430540323257446
0.7188337998730796
0.73619458930833
0.7524771605219159
0.7321951006140027
0.7496000400611332
0.7403030480657306
0.7417100242206028
0.7410813271999359
0.7352088604654584
0.746003976890019
0.7334732753889901
0.7388302428381783
0.7369830480643681
0.7241995930671692
0.7433262126786369
0.7254863168512072
0.7299135540212903
0.7418677977153233
0.7446864289896828
0.7260266627584185
0.719790096793856
0.7553906142711639
0.7397726135594505
0.726431701864515
0.7580962436539787
0.7414214525903974
0.7362822038786752
0.7245500428336007
0.7414589779717582
0.7472012851919446
0.7512861277375903
0.7220292346818107
0.7458376032965524
0.7399124247687203
0.7320113948413304
0.737039715051651
0.7549391942364829
0.7418462080614907
0.7460267245769501
0.713237430368151
0.7536312980311257
0.7433171187128339
0.7334542913096291
0.7364114310060229
0.7406965025833675
0.7115570477076939
0.7557764521666935
0.7308271825313568
0.7337027149541038
0.7553019864218575
0.7289470476763589
0.7466831888471331
0.7351353168487549
0.7203703011785235
0.7558643349579403
0.7501241862773895
0.7371098228863308
0.7434214396136147
0.7279122173786163
0.7290247551032475
0.7270665551934924
0.7385907471179962
0.7583011942250388
0.7318189569881984
0.7475057372025081
0.7308958087648664
0.7354419486863273
0.7232217277799334
0.7280813796179635
0.7456535484109607
0.728654784815652
0.7212823842253003
0.7431109164442334
0.7439996131828853
0.7252197776521955
0.7188466361590794
0.74314632160323
0.7345988878182003
0.7335908157484872
0.7250774119581495
0.7477250099182129
0.7295107926641192
0.7183966381209237
0.745147705078125
0.7171855057988848
0.7490447419030326
0.7392937157835279
0.7380753925868443
0.7501545292990548
0.7376179439680917
0.7407660739762443
0.7232987880706787
0.7458689127649579
0.7369201609066555
0.748137354850769
0.7432987136500222
0.7401183204991477
0.7629974867616381
0.7208052703312465
0.7237267366477421
0.7210728526115417
0.7388381617409843
0.7459886116640908
0.7360385954380035
0.7315469043595451
0.7299259347575051
0.7258490664618356
0.7493983677455357
0.7600914708205632
0.7351588734558651
0.7371009375367846
0.7216789424419403
0.76559145961489
0.7267780601978302
0.7387492060661316
0.7525649751935687
0.7566200835364205
0.7357358847345624
0.7371367641857692
0.7412826674325126
0.716398801122393
0.7341200879641941
0.7340992603983197
0.7298609358923775
0.7300727324826377
0.7366909512451717
0.7567146079880851
0.7226686520235879
0.7492678591183254
0.7316243946552277
0.7310440753187452
0.7350760953766959
0.75650207059724
0.7316996029445103
0.735194912978581
0.7359113820961544
0.7121199156556811
0.7409959435462952
0.7475186926977975
0.7320460975170135
0.7290252830301013
0.7334631681442261
0.7366893078599658
0.7243100830486843
0.7240025017942701
0.7414365751402718
0.7250964684145791
0.7451287593160357
0.7360136636665889
0.7541617921420506
0.7434852038111005
0.7357203364372253
0.7339868928704943
0.7304274865559169
0.7313335027013507
0.7487350830010006
0.7331703432968685
0.7519875892571041
0.7296648068087441
0.7298301756381989
0.748547898871558
0.7177051390920367
0.713308436529977
0.7277559765747615
0.7285448908805847
0.7457384211676461
0.7409001333372933
0.7602989673614502
0.7179325606141772
0.7453936551298413
0.7330110583986554
0.7399448837552752
0.7465357439858573
0.7245780186993735
0.7362847328186035
0.7393840679100582
0.7258783408573696
0.7425369662897927
0.7325247313295092
0.7530876227787563
0.732826943908419
0.7451996079513005
0.7585390082427433
0.7269038004534585
0.7507569747311729
0.74460939850126
0.7397572100162506
0.7269156149455479
0.7304016138826098
0.718150909457888
0.7360539478915078
0.7483357914856502
0.7505415380001068
0.740621920142855
0.7447942239897591
0.7294912380831582
0.7444355232375008
0.7384014214788165
0.7287527280194419
0.7557521675314222
0.7541413732937404
0.7224275384630475
0.7520650923252106
0.7347239000456673
0.755660878760474
0.7229777021067483
0.7479877940246037
0.7358673300061908
0.7569167954581124
0.7358445865767342
0.7363551599638802
0.7299585683005196
0.7352511925356728
0.72996985912323
0.7460773076329913
0.7530032353741782
0.7288331048829215
0.721909544297627
0.7401435715811593
0.7372473180294037
0.7293651827744075
0.7313367256096431
0.7303250730037689
0.7290261600698743
0.7237748120512281
0.7318619106497083
0.7240601437432426
0.7520912843091148
0.7458288712160928
0.7409228341920036
0.7424681910446712
0.7316527536937169
0.7408866499151502
0.7379133829048702
0.7520344810826438
0.7396384477615356
0.7410515546798706
0.7449858316353389
0.7346882479531425
0.7525719829968044
0.7450959810188839
0.7368434369564056
0.725391903093883
0.7405212138380323
0.733792415687016
0.7300275266170502
0.7247678126607623
0.7479621810572488
0.7492528855800629
0.7333688352789197
0.7291574222700936
0.7590861916542053
0.7393502039568765
0.7261443095547813
0.728500417300633
0.7342037175382886
0.7190763992922646
0.7504113401685443
0.7328234698091235
0.7475803579602923
0.7202833635466439
0.7303847457681384
0.7287116093294961
0.7453533709049225
0.7399069837161473
0.7454237980501992
0.736910513469151
0.7365816831588745
0.7269555458000728
0.7342267760208675
0.7463327731404986
0.7368586829730442
0.7264684694153922
0.7458619347640446
0.7061981558799744
0.7386478866849627
0.7314681964261192
0.7296719891684396
0.7353392328534808
0.7347022593021393
0.7358979625361306
0.7361066724572863
0.7472780517169407
0.7509042067187173
0.7417711445263454
0.734290382691792
0.7366965115070343
0.7522090034825462
0.7066061454159873
0.7306252121925354
0.7380352062838418
0.7456838616303035
0.7411033936909267
0.7399225745882306
0.7294984587601253
0.7341136634349823
0.7497960073607308
0.7274713005338397
0.7673164904117584
0.7365585565567017
0.7366907383714404
0.7460813862936837
0.7241991673197065
0.7413399262087685
0.7387541021619525
0.7221663764544896
0.7500179282256535
0.7314626404217311
0.7375436638082776
0.7247631251811981
0.7140053595815387
0.7325004083769662
0.7483852761132377
0.7492609960692269
0.722888823066439
0.7698322832584381
0.7423846679074424
0.7382124790123531
0.7458459436893463
0.7330969316618783
0.7313893692834037
0.7311713865825108
0.7370464078017643
0.7253046887261527
0.7355984577110836
0.7442032779966082
0.7639202773571014
0.739760445696967
0.7505957654544285
0.740428741489138
0.7111650237015316
0.7547572340284076
0.7326270469597408
0.7534262112208775
0.7274898971830096
0.7286770003182548
0.7415917984076908
0.7199998795986176
0.7297927694661277
0.7408043231282916
0.7557551860809326
0.7332798796040672
0.7320498440946851
0.7690461533410209
0.7477643873010363
0.7433888443878719
0.7457004870687213
0.7214620539120266
0.7284787722996303
0.7285503106457847
0.7363301813602448
0.7292498009545463
0.7616509241717202
0.7351514909948621
0.7156580771718707
0.7260666574750628
0.7390957687582288
0.758802558694567
0.7258827473436084
0.7184008657932281
0.721340000629425
0.7367358378001622
0.7386911426271711
0.7054899122033801
0.7211208343505859
0.7536207905837468
0.7506356196744102
0.7441217856747764
0.7057539096900395
0.7351057018552508
0.7421456617968423
0.737236099583762
0.7314983776637486
0.741159805229732
0.7357430287769863
0.7578497273581368
0.7551297417708805
0.7437528712408883
0.7199114007609231
0.7490474709442684
0.7415687612124852
0.7392288872173854
0.7244885819298881
0.7424161561897823
0.742986478975841
0.751948914357594
0.7370202243328094
0.7406163854258401
0.7416881280285972
0.7467781390462603
0.7271233201026917
0.7281146900994437
0.7516311279364994
0.7527727953025273
0.7227568668978555
0.716916778257915
0.7414637548582894
0.7405391718660083
0.7383433878421783
0.7334201889378684
0.7327136993408203
0.7436287530830928
0.7386163004807064
0.7239781064646584
0.7315017793859754
0.7485308051109314
0.7320721702916282
0.7251265304429191
0.7298414238861629
0.7257692473275321
0.727785736322403
0.7275125767503466
0.7376081262316022
0.7172773821013314
0.7340076565742493
0.724182013954435
0.7247556618281773
0.732031089918954
0.7603463062218258
0.7315730920859745
0.7334492249148232
0.7408544250896999
0.7401805647781917
0.7373472537313189
0.7445004156657627
0.745947825057166
0.7541684423174176
0.7585528876100268
0.7310311453683036
0.7313129476138523
0.744149271930967
0.7514769307204655
0.7394328798566546
0.7243151111262185
0.7301619904381889
0.7423282648835864
0.733184950692313
0.7268510375704084
0.7308418878487178
0.7296630569866726
0.7429118156433105
0.7436491293566567
0.7276105753013066
0.7390511291367667
0.7560944940362658
0.7473263187067849
0.7469967688832965
0.736257770231792
0.7351538581507546
0.7475439012050629
0.729875956262861
0.7188973895141056
0.7390394338539669
0.751032429082053
0.738472866160529
0.7337638820920672
0.7454229295253754
0.7261909757341657
0.7478172055312565
0.7394222617149353
0.7310012706688472
0.7525513810770852
0.735592463186809
0.7459706323487418
0.7398554129259927
0.7243136763572693
0.7336306018488747
0.7203181087970734
0.7332937589713505
0.7288446766989571
0.7550079609666552
0.7357666577611651
0.7317539921828679
0.7262150091784341
0.7553805410861969
0.7281665120806012
0.7478965393134526
0.7378706591469901
0.7553588279656002
0.7443220657961709
0.7247763233525413
0.7439662984439305
0.7571643037455422
0.7504148696150098
0.7199697877679553
0.7390465225492205
0.7469901442527771
0.7510119548865727
0.7170843396868024
0.748275386435645
0.7310161760875157
0.7464269314493451
0.7288456984928676
0.7439290114811489
0.7304862780230386
0.732036999293736
0.7289889667715345
0.7434392699173519
0.7359209741864886
0.7280965404851096
0.7472391767161233
0.7434793412685394
0.7519488632678986
0.7081175872257778
0.7252893958772931
0.7320885104792458
0.7460078511919294
0.7542954002107892
0.7462704692568097
0.7320011130401066
0.7358451315334865
0.7222651285784585
0.7282784410885402
0.7301293058054787
0.7279186461653028
0.7357088838304792
0.7574978513377053