0.7371314167976379
0.7299790893282209
0.746636837720871
0.737923379455294
0.7353546151093074
0.7264816079820905
0.7374519876071385
0.7432727813720703
0.7374785883086068
0.7530046275683812
0.7465198806353978
0.7524911633559636
0.7298675222056252
0.7190585391862052
0.7390787644045693
0.7306546441146305
0.7372874276978629
0.7353363164833614
0.7388772027833121
0.7404654366629464
0.7448052082742963
0.7310292848518917
0.7380168821130481
0.7228451073169708
0.7322742896420615
0.7274209984711238
0.7482186470712934
0.7391352440629687
0.733326371226992
0.7376129967825753
0.7423485602651324
0.724703460931778
0.741778803723199
0.7586583409990583
0.7324659909520831
0.7360240774495261
0.733486009495599
0.7328258795397622
0.730392324072974
0.7385895252227783
0.7331502309867314
0.7296941663537707
0.7278642228671482
0.7347232358796256
0.7253256738185883
0.7348932879311698
0.7315768940108163
0.7406429946422577
0.7437414186341422
0.7378665677138737
0.7575884589127132
0.7032289462430137
0.7485913378851754
0.7434402193341937
0.7403112394469125
0.7239591096128736
0.7314604946545192
0.723417865378516
0.7212162826742444
0.7390425801277161
0.7485501042434147
0.7524148140634809
0.7385287753173283
0.7206832213061196
0.7464087903499603
0.7161871790885925
0.7492419055530003
0.7604171165398189
0.727355318410056
0.7396942249366215
0.748145077909742
0.7325079100472587
0.7319902394499097
0.7406707874366215
0.719272324017116
0.7381567486694881
0.73885435291699
0.7550178042479924
0.7512816148144859
0.726879209280014
0.7318862804344722
0.7322764013494764
0.7408597937652043
0.7480424344539642
0.713938295841217
0.7290333083697728
0.7443695281233106
0.7236397862434387
0.710163584777287
0.7388674914836884
0.7401984461716243
0.7322039561612266
0.7092455157211849
0.7305101411683219
0.7416657379695347
0.7196100652217865
0.7188316668782916
0.7342764054025922
0.7376920197691236
0.748598222221647
0.7403238713741302
0.7282285264560154
0.7283915664468493
0.7589951200144631
0.7311539351940155
0.7598739777292524
0.7184294036456517
0.7371735913412911
0.736352801322937
0.7251695309366498
0.7299482779843467
0.7246543637343815
0.7356215800557818
0.7302028834819794
0.7384076161043984
0.7416611782142094
0.7373538996492114
0.7418305618422372
0.7450737016541618
0.726158299616405
0.7502584329673222
0.7214405196053642
0.736013514654977
0.7321521767548153
0.7369330567973
0.734447819846017
0.7166814633778164
0.7250902056694031
0.7460619126047406
0.7246038573128837
0.7479225482259478
0.7388889150960105
0.739755643265588
0.7421088516712189
0.7385470952306475
0.767072890486036
0.7174060727868762
0.7554596279348645
0.7504796854087284
0.739067154271262
0.723145352942603
0.731352686882019
0.7399650599275317
0.7497512698173523
0.7420212072985513
0.7585342441286359
0.7249234999929156
0.7507360790457044
0.7409883950437818
0.7540117885385241
0.7277691406863076
0.7618141600063869
0.7435143504823957
0.7478124797344208
0.7280169895717076
0.7371048416410174
0.7180668243340084
0.7469448872974941
0.7426910485540118
0.7382037128720965
0.734286938394819
0.7403377337115151
0.7393613840852465
0.7438364582402366
0.7300351432391575
0.722055618252073
0.7317111960479191
0.7314344601971763
0.7277330798762185
0.7106949048382896
0.7178934173924583
0.7336603317941938
0.7275056753839765
0.7270992015089307
0.7304370956761497
0.7346892186573574
0.7570817896298
0.7654907916273389
0.7401977181434631
0.7327668028218406
0.7076053236212049
0.7326061725616455
0.7653051316738129
0.7251897965158735
0.7421363890171051
0.7480345453534808
0.7326700474534716
0.7295883766242436
0.7393546104431152
0.7235106400081089
0.7180323345320565
0.733767032623291
0.7424922074590411
0.7253167799540928
0.7544723451137543
0.7177821482930865
0.7259062996932438
0.7393781202180045
0.7327897335801806
0.728324409042086
0.7552469159875598
0.7506330055849892
0.760539880820683
0.7233346104621887
0.7325580843857357
0.7452969934259143
0.7356236619608743
0.7290442500795636
0.7137915534632546
0.733471291405814
0.7326405942440033
0.7372071487562997
0.734662047454289
0.7335606217384338
0.7469361765044076
0.7436827038015638
0.7241516751902444
0.741039365530014
0.7295604475906917
0.7436213493347168
0.7107438445091248
0.7392839363643101
0.7403019709246499
0.7388913801738194
0.7347014035497393
0.7327864340373448
0.7379088614668164
0.745143996817725
0.7331536625112806
0.730673257793699
0.7325525070939746
0.7242626462663923
0.7503729505198342
0.7370276876858303
0.7469773122242519
0.7323694271700723
0.7468708753585815
0.7296180639948163
0.7340242692402431
0.7562711366585323
0.7341234300817762
0.7230773142405919
0.7322245453085218
0.7344374912125724
0.7367214517933982
0.7451125425951821
0.7169144025870732
0.7130615242889949
0.7548976923738208
0.7322359383106232
0.7353141180106572
0.7385206520557404
0.7329604242529187
0.7222472769873483
0.7436295918055943
0.7384785073144096
0.7421568717275348
0.7397945438112531
0.7343257793358394
0.7293365342276437
0.7105914226600102
0.7245634283338275
0.7226598645959582
0.7226120787007468
0.7374300190380642
0.7390223656381879
0.7326207203524453
0.7329276416982923
0.7127165751797813
0.7389986940792629
0.7407719663211277
0.7455521183354514
0.7523430117538997
0.7248848038060325
0.7559676468372345
0.7489762646811349
0.7436005600861141
0.7311429296221051
0.7396054778780256
0.7198304789406913
0.7373598217964172
0.7173356413841248
0.7499394289084843
0.7308856546878815
0.7378609606197902
0.7355903940541404
0.7482900534357343
0.73562034538814
0.7369207569531032
0.714566707611084
0.7295893813882556
0.7502001523971558
0.7459704577922821
0.7407214045524597
0.7532281279563904
0.7454930075577327
0.7548971133572715
0.7427065074443817
0.7384153604507446
0.7409693172999791
0.7356535749776023
0.7232207017285484
0.7352297518934522
0.7240743849958692
0.7347087093761989
0.726210355758667
0.7436625616891044
0.7364845403603145
0.7177969685622624
0.7410635777882167
0.7134380723748889
0.736034231526511
0.7433038609368461
0.737724849155971
0.7231061373438153
0.7274277423109327
0.7139439880847931
0.7395491302013397
0.7501803934574127
0.7412140369415283
0.7261805619512286
0.7346164328711373
0.727373582976205
0.7611188420227596
0.7348572782107762
0.7412680174623217
0.7479208282061985
0.7379190581185477
0.7294035128184727
0.7521893850394658
0.7410435037953513
0.7473020212990897
0.7358884811401367
0.7424742707184383
0.7185649999550411
0.7344107925891876
0.7530908797468457
0.7301382081849235
0.7405575088092259
0.7536301144531795
0.747168379170554
0.7370236473424094
0.7320197139467511
0.7186611337321145
0.7444646741662707
0.7306875458785466
0.7565367094108036
0.7367902866431645
0.7470435329845974
0.7429902681282589
0.7302598186901638
0.7400653915745872
0.7354969850608281
0.7356459753853934
0.751917860337666
0.7339615779263633
0.743422772203173
0.7476972469261715
0.7136171885899135
0.7387784804616656
0.749486620937075
0.7293975821563176
0.7457461059093475
0.7160424292087555
0.7283861977713448
0.7326395256178719
0.7494053968361446
0.7506854448999677
0.72242471575737
0.7342476759638105
0.7404940979821342
0.7483239769935608
0.7312771465097155
0.7378385961055756
0.7418616158621651
0.7303308631692614
0.7463541924953461
0.7301708672727857
0.7278290688991547
0.7380592780453819
0.7384063260895866
0.7287428847381047
0.7471782096794674
0.7323660722800663
0.7239604762622288
0.72397523692676
0.7389181469167981
0.7312663282666888
0.7406778420720782
0.743666023015976
0.7409470805100032
0.7475015989371708
0.7369553659643445
0.7378804641110557
0.7464678159781865
0.7391272187232971
0.7412119209766388
0.7513418878827777
0.7436140690531049
0.7458237452166421
0.7372869891779763
0.7419676652976445
0.7420253668512616
0.7392939116273608
0.7452824073178428
0.7237839613642011
0.7606597202164787
0.7552492533411298
0.7417074527059283
0.7297866983073098
0.734536566904613
0.7206059098243713
0.7515479326248169
0.7356035666806358
0.7492933060441699
0.7320532415594373
0.7230800943715232
0.7156962454319
0.719015338591167
0.7153489802564893
0.7382815607956478
0.7333813011646271
0.7603231583322797
0.7515619993209839
0.7294160170214516
0.7415312869208199
0.7405542092663902
0.7368815967014858
0.7364758423396519
0.7175881224019187
0.7547163324696677
0.7563217324869973
0.7269421901021685
0.7253699132374355
0.7536338567733765
0.7491299424852643
0.7379274964332581
0.7455374768802098
0.7353084427969796
0.7406814651829856
0.7548417917319706
0.7441693799836295
0.7083954896245684
0.7565999839987073
0.7226785208497729
0.7491875205721173
0.7656987820352826
0.7604694792202541
0.7304101501192365
0.7694597670010158
0.7208225982529777
0.7414600253105164
0.7340821325778961
0.7277343400887081
0.747151004416602
0.7326901767935071
0.7300256320408413
0.745802755866732
0.7408045061997005
0.7267082418714251
0.7202957698277065
0.7167416257517678
0.7555840143135616
0.7360221573284694
0.7442425319126674
0.7392930431025369
0.7333819397858211
0.7467349214213235
0.7602668234280178
0.7366015868527549
0.732515845979963
0.7636885983603341
0.7363991226468768
0.737495196717126
0.7435214051178524
0.7526103172983442
0.7506155073642731
0.7394824794360569
0.7374958693981171
0.7323274995599475
0.7628843230860574
0.7320678787572044
0.7225192955562046
0.7438120969704219
0.7391689079148429
0.7400030706609998
0.7377142523016248
0.7379255805696759
0.7421955508845193
0.7463165734495435
0.7332096525600978
0.7222269220011575
0.7347472735813686
0.7570093614714486
0.747842686516898
0.7547699340752193
0.7074115020888192
0.7403133000646319
0.7285368910857609
0.7365333735942841
0.7510554875646319
0.7428376546927861
0.7352698019572667
0.7438184831823621
0.746818265744618
0.7359381360667092
0.7746962266308921
0.746022709778377
0.7414014169148037
0.7323340943881443
0.7314278057643345
0.7375970099653516
0.7368077295167106
0.7661416913781848
0.7340649196079799
0.7588449375970023
0.7287589183875492
0.7348406187125615
0.7449349675859723
0.7375344676630837
0.7238003526415143
0.7259496791022164
0.7270649586405072
0.7309219922338214
0.740746578999928
0.7169697284698486
0.7420519930975777
0.7490272053650447
0.7553639454501015
0.7301806892667498
0.7348540851048061
0.7183572990553719
0.7445869403226035
0.7236623508589608
0.7416904866695404
0.7356437742710114
0.7562125325202942
0.7563676493508475
0.7509769456727164
0.7319985500403813
0.7447124208722796
0.7223716293062482
0.7409279261316571
0.7356281791414533
0.702574087040765
0.7340837078435081
0.7436613397938865
0.7341552206448146
0.7484756239822933
0.7307954388005393
0.734148736510958
0.7276564410754612
0.7446861267089844
0.7185282153742654
0.7289836917604718
0.73269841500691
0.7345056363514492
0.7355474659374782
0.7122988998889923
0.7135483920574188
0.7390033389840808
0.7201608163969857
0.7413270941802433
0.7446890643664769
0.733522755759103
0.7340027264186314
0.7161989169461387
0.7162229887076786
0.7481991904122489
0.7478759203638349
0.7297133207321167
0.7469689931188311
0.742484199149268
0.7380573068346296
0.7497025728225708
0.7461943030357361
0.7444495814187186
0.7352093415600913
0.7415803670883179
0.7280685390744891
0.7314458404268537
0.7544079337801252
0.7511890275137765
0.7309726008347103
0.7234919028622764
0.7264310334409986
0.7320819965430668
0.7341262783323016
0.7485082362379346
0.7615067405360085
0.7466334785733905
0.7337735380445208
0.7517488981996264
0.7258737981319427
0.7383622101375035
0.7493419008595603
0.7436729158673968
0.7294265627861023
0.7408621779509953
0.7378506234713963
0.7435221672058105
0.7142755091190338
0.7287938211645398
0.7401661149093083
0.7439285218715668
0.7280761514391217
0.7507775979382652
0.7232051747185844
0.7628377803734371
0.7440468072891235
0.7430225227560315
0.7560473595346723
0.7495355989251818
0.7594913116523198
0.7631037022386279
0.7407385281154087
0.7329919380801064
0.7606628494603294
0.7412959379809243
0.7481651987348285
0.7194286755153111
0.748431418623243
0.7301794673715319
0.725906925542014
0.730424416916711
0.7409221189362662
0.7472662627696991
0.7611165515014103
0.720129017318998
0.7326186214174543
0.7381317317485809
0.7468363429818835
0.7616949209145137
0.7361796753747123
0.7240839515413556
0.7425467542239598
0.7457885146141052
0.7340537139347622
0.7263074900422778
0.7503009906836918
0.7532552225249154
0.7450408339500427
0.7623669419969831
0.7423161140510014
0.736069802727018
0.7434463798999786
0.7401498343263354
0.739072152546474
0.7308472565242222
0.7315044105052948
0.7461594683783395
0.7517709561756679
0.7162468135356903
0.7394475936889648
0.7266716318471091
0.7262532838753292
0.7508228123188019
0.7320679639066968
0.7517137825489044
0.7210250071116856
0.7329181858471462
0.7364018304007394
0.7368453953947339
0.7349898304258075
0.7308559971196311
0.7247252932616642
0.7435622385569981
0.750105048928942
0.7527807227202824
0.743378051689693
0.7262749246188572
0.7092847057751247
0.7386209496429988
0.7452646621635982
0.7326695535864148
0.7338983203683581
0.7259118684700557
0.7237017282417842
0.712981002671378
0.7250066186700549
0.7472262169633593
0.7225608272211892
0.7329000362328121
0.7536836351667132
0.7476418827261243
0.7372191378048488
0.7438645362854004
0.7280537230627877
0.7391150678907122
0.7215298116207123
0.7421571101461139
0.7384324201515743
0.7404240710394723
0.7414726657526833
0.7412723132542202
0.7463735001427787
0.7466749719211033
0.7326436681406838
0.7268994706017631
0.7405986700739179
0.754966105733599
0.7277759611606598
0.7232336912836347
0.7455705319132123
0.7414479894297463
0.7309782334736415
0.7371263546603066
0.727892415864127
0.756963849067688
0.7542187826974052
0.7210536003112793
0.7437454887798854
0.7224249030862536
0.7574114160878318
0.7473383929048266
0.7523885667324066
0.7383393517562321
0.7519682007176536
0.7242245716708047
0.734167720590319
0.7267140873840877
0.7413678552423205
0.7396410320486341
0.7200945147446224
0.7462079184395927
0.7350877949169704
0.759630126612527
0.7384112519877297
0.7318560140473502
0.7299929218632835
0.7474898270198277
0.7284584513732365
0.7315870480878013
0.7341755032539368
0.7454737595149449
0.7274663278034755
0.7424740365573338
0.7330695859023503
0.7209937998226711
0.7197953334876469
0.7219779533999306
0.7373409441539219
0.7336311638355255
0.734731810433524
0.7397714981010982
0.7405196343149457
0.733007971729551
0.7321332437651498
0.7243833116122654
0.7302232682704926
0.722350035394941
0.7427088235105787
0.7249551245144435
0.7265212408133915
0.7166884626661029
0.7354021285261426
0.7379985707146781
0.7583101136343819
0.7328728522573199
0.7225793940680367
0.7271131660257067
0.745792065347944
0.7493623111929212
0.7449577876499721
0.7128944482122149
0.7499005922249385
0.7499918213912419
0.7293421115194049
0.7375945789473397
0.7216357290744781
0.7291624801499503
0.7302559188434056
0.7178125296320234
0.7481218533856528
0.7559539079666138
0.7276093917233604
0.7324334383010864
0.7322231190545219
0.712769227368491
0.7496082953044346
0.7382239316190992
0.7414848591600146
0.7395703537123544
0.7467293015548161
0.7168510130473545
0.7182990908622742
0.7337759690625327
0.7617873592036111
0.743754540170942
0.7349418657166618
0.7421225649969918
0.746177498783384
0.7364733006272998
0.729524199451719
0.7312716373375484
0.743054381438664
0.7418317454201835
0.7422735903944288
0.7258571003164563
0.7460700912134988
0.7161126605101994
0.7264838346413204
0.7453429400920868
0.734009108373097
0.7542083391121456
0.725590454680579
0.7135154008865356
0.7292713012014117
0.7162974306515285
0.7226096945149558
0.757203825882503
0.7453140318393707
0.7303350142070225
0.7214962371758052
0.736711208309446
0.7252057152135032
0.7214320387159076
0.7280025269304004
0.7503757774829865
0.7173454165458679
0.7494311204978398
0.7406372002192906
0.752610342843192
0.731720792395728
0.7368957144873483
0.7361703004155841
0.7192606670515878
0.7257233262062073
0.7265564714159284
0.7451957506792886
0.7496187772069659
0.7354791419846671
0.7511014086859567
0.7251583635807037
0.7369268792016166
0.7332389439855304
0.7442240417003632
0.7620636735643659
0.7404644276414599
0.7499833490167346
0.736900487116405
0.7423067135470254
0.7354888830866132
0.7111255015645709
0.7486003892762321
0.745293276650565
0.718064716884068
0.7282228469848633
0.7327066532203129
0.7393700480461121
0.7691928744316101
0.7236270989690509
0.7447475578103747
0.7449663834912437
0.7385296055248806
0.7303488893168313
0.7285217089312417
0.7416006965296609
0.7436851859092712
0.717132534299578
0.7505944541522435
0.718174376658031
0.7211842579501015
0.7259715965815953
0.7514612036091941
0.7328720348221915
0.7165097296237946
0.7364657478673118
0.7409550079277584
0.7303135054452079
0.7437809365136283
0.7233656346797943
0.7461440648351397
0.7399873733520508
0.7429905746664319
0.7310221578393664
0.7580196005957467
0.7617248977933612
0.7284521034785679
0.7394627801009587
0.7494378302778516
0.7499100395611354
0.7350911370345524
0.7281700542994908
0.7266347408294678
0.7519668851579938
0.7312861468110766
0.7064214944839478
0.7495279610157013
0.7204683721065521
0.7277780260358538
0.7375981892858233
0.7308953957898277
0.7361638631139483
0.7577214751924787
0.7494650397981916
0.7326981936182294
0.7513829725129264
0.7474422667707715
0.7462460015501294
0.7365311809948513
0.7252961652619498
0.7386826234204429
0.74421740429742
0.7424732361521039
0.7149170466831752
0.7135375695569175
0.7333089794431414
0.7294398673943111
0.7485364334923881
0.7154339679649898
0.7468676269054413
0.7228545035634723
0.7454391079289573
0.7763273417949677
0.7515307877744947
0.7363358608313969
0.7478589287825993
0.7233684531279972
0.7410811696733747
0.7558765624250684
0.727651617356709
0.7220557715211596
0.7458053699561528
0.7257807339940753
0.7574025392532349
0.7258133207048688
0.7453303592545646
0.72531139424869
0.7498004393918174
0.7475408485957554
0.7237905434199742
0.7282624755586896
0.7214374031339373
0.7387315928936005
0.7162008200372968
0.7547234722546169
0.7234216162136623
0.7282408859048571
0.7535793270383563
0.7130367415291923
0.7382521714482989
0.7378201910427639
0.756989232131413
0.7350810766220093
0.7422450610569545
0.73446181842259
0.7662567155701774
0.74349102803639
0.7509618614401136
0.744393527507782
0.7313166558742523
0.733486852475575
0.7361023809228625
0.7442408459527152
0.7354879081249237
0.719829512493951
0.7254032109464917
0.7407992737633842
0.7311404432569232
0.7287879160472325
0.7157380112579891
0.742691172020776
0.7256543721471514
0.7231270287718091
0.7357597649097443
0.7378987414496285
0.7442524049963269
0.7385163562638419
0.7295046406132835
0.744578595672335
0.7328094754900251
0.7321370329175677
0.7453248926571437
0.7483667390687125
0.7189886740275792
0.7405584284237453
0.7348168236868722
0.7271865691457476
0.7421951166221074
0.7200428290026528
0.7272853297846658
0.7270028846604484
0.7229437444891248
0.7570324114390782
0.7317791283130646
0.7332798710891179
0.7319119444915226
0.7240365701062339
0.7371992468833923
0.737719863653183
0.7513605185917446
0.73667283143316
0.7455681136676243
0.711300756250109
0.728915057012013
0.7441977560520172
0.7407646817820412
0.7331058936459678
0.7522038263933999
0.744561893599374
0.725706045116697
0.7506781688758305
0.7255873594965253
0.7355650876249585
0.737235541854586
0.7200168286051069
0.7079848732267108
0.7422218237604413
0.730851296867643
0.7455728139196124
0.7460462706429618
0.7530341190951211
0.7381532447678703
0.762649050780705
0.7306348213127681
0.7413672591958728
0.7473533451557159
0.7283201558249337
0.7287776087011609
0.7353023035185677
0.7355785327298301
0.7069217179502759
0.7332638800144196
0.7314536997250148
0.7448422568184989
0.742237504039492
0.7384910455771855
0.7403781541756221
0.7452321861471448
0.7487838225705283
0.7317628179277692
0.736145555973053
0.7116191004003797
0.7350225789206368
0.7506162396499089
0.7554178621087756
0.7372294025761741
0.738615231854575
0.720688555921827
0.7344529160431453
0.7277555465698242
0.7537076004913875
0.7519628703594208
0.7272121906280518
0.7629317683832986
0.7407038424696241
0.7347153042043958
0.7358768710068294
0.7317615236554827
0.7395465501717159
0.7550608047417232
0.7374174892902374
0.7359712592193058
0.7443140660013471
0.7364586165973118
0.7293906084128788
0.7621503216879708
0.7129213213920593
0.7291782370635441
0.7332742469651359
0.7413656839302608
0.7499485909938812
0.7425171732902527
0.7388943135738373
0.7482885633196149
0.7498641695295062
0.738826219524656
0.7183677341256823
0.7399254100663322
0.7518602056162698
0.7311831968171256
0.7235555819102696
0.7510647560868945
0.7519508642809731
0.73519366979599
0.7202572354248592
0.7515556301389422
0.7336521020957402
0.7236046620777675
0.7180123201438359
0.7292934315545219
0.7392961978912354
0.7376564017363957
0.7498803692204612
0.7427587168557304
0.7592767221587045
0.7462225556373596
0.7381751792771476
0.7185706411089215
0.7388736733368465
0.7440645183835711
0.7254379987716675
0.7329281866550446
0.7142818229539054
0.736072472163609
0.7239129883902413
0.7359293784414019
0.7362110274178642
0.7291698328086308
0.7410731145313808
0.7350298634597233
0.7451273373195103
0.733289761202676
0.7277717547757285
0.7468118071556091
0.7293406426906586
0.731799874986921
0.7375087184565408
0.7492777790342059
0.7374277540615627
0.7269369150911059
0.7426776800836835
0.7386665344238281
0.7440298582826342
0.7295263196740832
0.7316784986427852
0.7345038269247327
0.748097905090877
0.7406541407108307
0.7109882576125008
0.7215680480003357
0.7228634442601886
0.7632107181208474
0.7507848015853337
0.7453459586415973
0.7131087950297764
0.7428252909864698
0.7307904362678528
0.7294712875570569
0.7406637115137917
0.7235485315322876
0.7516117010797773
0.7418558427265712
0.7334535675389426
0.7299003515924726
0.7575662646974836
0.7417384896959577
0.729262901203973
0.7364838676793235
0.7292050506387439
0.7465577380997794
0.745337439434869
0.7193099558353424
0.7232088957514081
0.7342357848371778
0.7551087183611733
0.7333354524203709
0.7501865540231977
0.7371144167014531
0.7297798437731606
0.7400162943771907
0.7254334219864437
0.715847270829337
0.7364148710455213
0.7327704770224435
0.7400902254240853
0.7353870400360653
0.7327811803136554
0.7251628467014858
0.7314837830407279
0.735939988068172
0.7443829349109105
0.7232356284345899
0.7333764391286033
0.7370831796101162
0.7636866058622088
0.7290385833808354
0.7472514084407261
0.7439324259757996
0.755944664989199
0.7469430140086583
0.7356479976858411
0.7474870213440487
0.7516811106886182
0.7212031057902745
0.7158240675926208
0.7540852427482605
0.7303154596260616
0.7472790905407497
0.7494329128946576
0.7276288526398795
0.736391829592841
0.7605910343783242
0.7609378695487976
0.7357711366244725
0.7122934673513684
0.7264102186475482
0.730171833719526
0.7495497805731637
0.7249937355518341
0.7299217113426754
0.7271749760423388
0.736180237361363
0.7397675939968654
0.7398149626595634
0.7365613579750061
0.7367125792162759
0.7401209047862461
0.7114307497228894
0.7364275710923331
0.7518838729177203
0.7465443525995527
0.7478762779917035
0.7407249084540776
0.7410696702344077
0.7240089007786342
0.7117017933300563
0.7574037866933006
0.7084460386208126
0.7311724296637944
0.7437011897563934
0.7376226740224021
0.7365979722567967
0.7461698481014797
0.7368685390268054
0.7291355856827327
0.7342474034854344
0.7256631595747811
0.7209613280636924
0.7176806884152549
0.7214308253356388
0.732240834406444
0.738363116979599
0.7339207317147937
0.7321399876049587
0.7383949203150613
0.7540575351033892
0.7193590700626373
0.7339113865579877
0.7211131879261562
0.7266876356942313
0.7334332678999219
0.7383193075656891
0.7413156969206673
0.7479898163250515
0.7190092972346714
0.7548513242176601
0.7294661956174033
0.750809792961393
0.72779438325337
0.7464587134974343
0.7462020431246076
0.725460341998509
0.7503883029733386
0.7327402659824916
0.7480683156422206
0.7226678303309849
0.7167984332357135
0.7342467818941388
0.7357936458928245
0.7353632364954267
0.7296022304466793
0.7209596250738416
0.7333850903170449
0.7143484268869672
0.7258457456316266
0.7425289154052734
0.7329196929931641
0.7525774793965476
0.7405283536229815
0.7216980840478625
0.7327897250652313
0.728584281035832
0.7549229264259338
0.74355520095144
0.760642728635243
0.7439365599836621
0.7229766121932438
0.7302160731383732
0.730176295552935
0.7295818201133183
0.7364034695284707
0.7284319528511592
0.7268385716847011
0.7285928555897304
0.7376015484333038
0.7355355109487262
0.7525940154279981
0.7439412176609039
0.7329759044306619
0.7434115920748029
0.74005012852805
0.716640042407172
0.7328259902341026
0.7481506041118077
0.7369420145239148
0.7484926240784782
0.7214459904602596
0.7433457246848515
0.712300602878843
0.7526232727936336
0.7327580196516854
0.7237990328243801
0.7477240690163204
0.7593082913330623
0.7318977330412183
0.7491065348897662
0.732958231653486
0.7599781794207436
0.7524079382419586
0.7400159197194236
0.742916294506618
0.7357226354735238
0.7391240000724792
0.7338615017277854
0.7224844140665871
0.7522999005658286
0.741404686655317
0.7289187823023114
0.7427284462111337
0.7442638320582253
0.7363854604107993
0.7367332066808429
0.7320247633116586
0.7393401392868587
0.7626534444945199
0.71739661693573
0.7223899151597705
0.7104728860514504
0.7417274628366742
0.7189852339880807
0.7318850457668304
0.764089218207768
0.7148133175713676
0.7284149101802281
0.7273793390819004
0.7422812538487571
0.7089915403297969
0.7325142196246556
0.7308078876563481
0.7367543918745858
0.725678311926978
0.7319834615503039
0.7260490996497018
0.7349689645426614
0.7327087649277279
0.7187389773981911
0.7099765879767281
0.7357007818562644
0.7344209040914264
0.7280260835375104
0.7380075028964451
0.7187521968569074
0.7359841508524758
0.7298418624060494
0.7527886458805629
0.7302588437284742
0.7316506079265049
0.7235978330884661
0.7378835507801601
0.7373164636748177
0.7461408376693726
0.7274703936917442
0.7293620024408612
0.7579179363591331
0.7361182144709996
0.735969773360661
0.7457855003220695
0.7483757265976497
0.7387761175632477
0.7300673808370318
0.7494607823235648
0.7287488962922778
0.7341906428337097
0.7303170391491481
0.7281176490443093
0.7390811741352081
0.7251649796962738
0.7092795627457755
0.7486711059297834
0.7412269796643939
0.716199917452676
0.7517609894275665
0.742458952324731
0.7255205128874097
0.7322572043963841
0.7207568543297904
0.7552664705685207
0.7456422959055219
0.7410349036966052
0.7453659858022418
0.7246710445199694
0.7281514065606254
0.7515191435813904
0.7313076044831958
0.7422304153442383
0.7217622186456408
0.7310860880783626
0.7460754130567823
0.7356631287506649
0.7291959992476872
0.747663927929742
0.735474169254303
0.7498112874371665
0.7410981569971357
0.7248031156403678
0.7591830534594399
0.7486717019762311
0.7300668614251273
0.7341455604348864
0.7555182959352221
0.7443522683211735
0.7482091699327741
0.7341918221541813
0.7385670244693756
0.7417496357645307
0.7228739048753466
0.7164398431777954
0.7562859611851829
0.7048551780836922
0.7431555560656956
0.7328361996582576
0.7486245930194855
0.7175922393798828
0.7370472209794181
0.7447089552879333
0.7369922654969352
0.7493349186011723
0.7696474747998374
0.7550292951720101
0.7478770358221871
0.7282726892403194
0.7422088512352535
0.7319417127541133
0.7268508843013218
0.70270146216665
0.7488129607268742
0.7523252538272313
0.7206188014575413
0.730778191770826
0.7412048152514866
0.7318182800497327
0.7453122820172992
0.7381860826696668
0.7328980565071106
0.7225617638656071
0.7256763407162258
0.7272105898175921
0.7287118818078723
0.7394688980919975
0.7052252803530011
0.7268364216600146
0.730315774679184
0.7372428178787231
0.7455129623413086
0.7342395186424255
0.7313480590070996
0.7127223908901215
0.7310305748667035
0.7364376442773002
0.7423100641795567
0.7438198966639382
0.7390560763222831
0.7491938769817352
0.7602161296776363
0.7426706978252956
0.7314111079488482
0.7417800596782139
0.7142063847609929
0.7618208314691272
0.750351641859327
0.742719122341701
0.7282953943525042
0.7187255322933197
0.7355649811880929
0.7612462001187461
0.738180126462664
0.7373245145593371
0.7356876688344138
0.7417035187993731
0.7267058960029057
0.7295585700443813
0.7367332577705383
0.7495017009122031
0.73834085890225
0.7377204171248845
0.7270824994359698
0.7305165699550084
0.7207626402378082
0.733342992407935
0.7445497299943652
0.7287530430725643
0.7375580711024148
0.7491860815456935
0.7296584674290248
0.7343297728470394
0.7390354829175132
0.7408434110028403
0.7144794932433537
0.7440981694630214
0.743848191840308
0.7297249478953225
0.7522882989474705
0.7365735513823373
0.7296394918646131
0.7401383348873684
0.7372944525309971
0.7499921321868896
0.7254150041512081
0.7289365998336247
0.7421889560563224
0.7244261503219604
0.7598044148513249
0.7280496912343162
0.7178260428564889
0.7346485086849758
0.7237477770873478
0.7375475977148328
0.7548169323376247
0.7462094042982373
0.7434142487389701
0.7283425118241992
0.7484048562390464
0.73744626556124
0.7218272728579385
0.730074052299772
0.7354508893830436
0.7321513891220093
0.7550128528050014
0.7341229745319912
0.7463112047740391
0.7143936795847756
0.7227716743946075
0.7355097574847085
0.7559718830244881
0.7381655744143895
0.7343359759875706
0.7351142125470298
0.7252816430159977
0.7086208931037358
0.7425977502550397
0.7247358730861119
0.7653313704899379
0.7257510934557233
0.7345225470406669
0.7555691983018603
0.730488875082561
0.7187713725226266
0.748726908649717
0.7268925096307483
0.7186556373323713
0.7357933904443469
0.7127931330885205
0.735778387103762
0.7621474095753261
0.7247101834842137
0.7471719639641898
0.726659493786948
0.7347212731838226
0.7128304541110992
0.7263098571981702
0.7328852798257556
0.7430003327982766
0.7180988958903721
0.7478832389627185
0.7426470560686929
0.7331915582929339
0.7345337186540876
0.7306183363710131
0.7332935844148908
0.7387497850826809
0.7149621503693717
0.726287020104272
0.7315119973250798
0.7472568537507739
0.7274267247744969
0.7518343670027596
0.7356427184173039
0.7412804450307574
0.751087269612721
0.7259501985141209
0.7314128662858691
0.7212866246700287
0.7454460987022945
0.7356903254985809
0.7505777307919094
0.738133043050766
0.7358132089887347
0.7073515483311245
0.7272712205137525
0.7389399068696159
0.7226387560367584
0.7255842259952
0.7199645553316388
0.7327165646212441
0.7412320630890983
0.7430863423006875
0.73896182009152
0.7385354808398655
0.7379883400031498
0.727306638445173
0.7371750686849866
0.7359205314091274
0.7450393566063472
0.731211747441973
0.7281844956534249
0.719024624143328
0.7445059887000492
0.7317253223487309
0.7270929728235517
0.7464240576539721
0.7381029214177813
0.7534979624407632
0.7458723826067788
0.7379568432058606
0.7440823231424604
0.7486055748803275
0.7457730897835323
0.7373286230223519
0.7166458325726646
0.7450674431664603
0.7401352567332131
0.74017276934215
0.7555495032242366
0.740303465298244
0.7308356932231358
0.7293766140937805
0.7386701660496848
0.7585873135498592
0.7424612428460803
0.7347702980041504
0.7352891606943948
0.7403579992907388
0.7350999712944031
0.7317936037267957
0.7288751942770821
0.7386872853551593
0.7454184804643903
0.7371771889073508
0.737765542098454
0.7391994382653918
0.7295945967946734
0.7448513422693525
0.7274713856833321
0.7468353637627193
0.7442727557250431
0.7187960616179875
0.7341561360018594
0.7394475042819977
0.7284217774868011
0.7407562434673309
0.7424403173582894
0.766563913651875
0.7242630805288043
0.7322693978037152
0.7451560752732413
0.7259457068783897
0.7126995027065277
0.7129276054246085
0.7466622846467155
0.7326854765415192
0.723502346447536
0.7451032996177673
0.7328226566314697
0.7274983865874154
0.7255711725779942
0.7254145698887962
0.7273925457681928
0.7275698184967041
0.7181866679872785
0.7254473056112017
0.7358609182494027
0.7226434903485435
0.7184831414903913
0.7306954988411495
0.7360776747976031
0.7425174457686288
0.7239411473274231
0.7394073818411145
0.7450773801122393
0.758659554379327
0.7476341596671513
0.7219528130122593
0.7255713897092002
0.7232274072510856
0.7322448023727962
0.7423578883920398
0.7402609160968235
0.7312588138239724
0.7546893698828561
0.7158329827444894
0.7484593306268964
0.7404672375747136
0.7381695338657924
0.7466105350426265
0.7189696260860988
0.7493671902588436
0.7321366582598005
0.7315403478486198
0.7389537181173053
0.7451470834868295
0.7130641341209412
0.7428810894489288
0.7385183913367135
0.7420821360179356
0.7496467871325356
0.7341382929256984
0.7428768915789468
0.7406312354973384
0.7386150487831661
0.7284099885395595
0.7153059627328601
0.756421651159014
0.7386592669146401
0.7611678625856128
0.7358603136880058
0.7007853473935809
0.7326921352318355
0.7445018546921867
0.7389611388955798
0.7396084453378405
0.7512307592800685
0.7552427479199001
0.7556852357728141
0.7430502857480731
0.7430157576288495
0.7499539809567588
0.7399463312966483
0.7129558409963336
0.7399691641330719
0.7164684789521354
0.722638121673039
0.7364281288215092
0.7450943078313556
0.7275800960404533
0.7290350837366921
0.7347440251282283
0.7314802535942623
0.7540546229907444
0.7515848619597298
0.7222548254898616
0.7363154760428837
0.7448932698794773
0.7119716363293784
0.7458084395953587
0.7346604807036263
0.7422891472067151
0.7479106698717389
0.7498891566480909
0.741470183644976
0.7525471917220524
0.7462142791066851
0.7502217846257346
0.7149571265493121
0.7292867813791547
0.7305268347263336
0.7435342797211238
0.7284103291375297
0.7288453366075244
0.7216870486736298
0.7453416756221226
0.7166491363729749
0.7451360608850207
0.7541589098317283
0.7644154940332685
0.7232820902551923
0.7289016970566341
0.7468293990407672
0.7191891755376544
0.7493158536297935
0.7657686301640102
0.7281428575515747
0.7246115037373134
0.7320917248725891
0.7473010122776031
0.7418786883354187
0.7181303926876613
0.7352396632943835
0.7438717867646899
0.7343631727354867
0.7434155855860028
0.7354540739740644
0.7332612020628793
0.7339750741209302
0.7481079314436231
0.7427009854997907
0.7060922171388354
0.7155109686510903
0.7295365844454084
0.7624156219618661
0.7494171687534877
0.7352537725652967
0.7246125979082925
0.7451981944697244
0.7527194150856563
0.7310515088694436
0.7420697084494999
0.7359470810209002
0.734014311007091
0.7372582043920245
0.7429327326161521
0.7382963129452297
0.7422972747257778
0.7410401787076678
0.7322490726198468
0.730974908385958
0.7344548574515751
0.743097688470568
0.7185959688254765
0.736631806407656
0.7530218618256705
0.7472743775163379
0.7514726604734149
0.7274190144879478
0.711696424654552
0.7491174467972347
0.7440462069852012
0.7508233913353511
0.736135470015662
0.7406843517507825
0.7502146278108869
0.7314383685588837
0.7301214592797416
0.7438198668616158
0.7610702642372676
0.7411344221660069
0.7230708173343113
0.7453162797859737
0.7396084410803658
0.7291237158434731
0.7269054225512913
0.7470374873706273
0.7465959531920296
0.7494314100061145
0.7314074422631945
0.7185795818056379
0.7313655529703412
0.7440746682030814
0.730473837682179
0.7264547049999237
0.7410155662468502
0.7364695114748818
0.7377153890473502
0.7341305996690478
0.7402261793613434
0.7396917343139648
0.7319301920277732
0.742848447390965
0.7222791484424046
0.7289195869650159
0.7342093203748975
0.7397800385951996
0.7469479484217507
0.7458781770297459
0.7385844928877694
0.7254633733204433
0.7240523185048785
0.7159518003463745
0.7547209220273154
0.7452765320028577
0.745304891041347
0.7496594871793475
0.7290339725358146
0.7284717559814453
0.7361657704625811
0.7208875843456813
0.7428974040916988
0.7362167154039655
0.7205150510583606
0.7241846578461784
0.7527538112231663
0.7387927004269191
0.7459592734064374
0.7444855059896197
0.7232003424848829
0.7405378690787724
0.7296445923192161
0.736807895558221
0.7317031792231968
0.7232735923358372
0.7663256440843854
0.7567232506615775
0.7360631227493286
0.7306117330278669
0.7296863368579319
0.729131668806076
0.7367660020078931
0.7329933813640049
0.7335548400878906
0.7317134312220982
0.7300854665892464
0.715213051864079
0.7361100316047668
0.7355999009949821
0.738383412361145
0.7326861023902893
0.7539874528135572
0.7474166665758405
0.7514455403600421
0.7173691349370139
0.7313744851521083
0.7536840949739728
0.7323032787867955
0.744570906673159
0.7532438550676618
0.7644839414528438
0.7193759083747864
0.734542612518583
0.7345883846282959
0.7232736221381596
0.7474375878061567
0.7055306349481855
0.7427904392991748
0.718341303723199
0.739287576505116
0.7039125050817218
0.7329212895461491
0.7220580066953387
0.7447751036712101
0.7505723237991333
0.7337665174688611
0.7395436465740204
0.7545174700873238
0.7483245815549578
0.7381242939404079
0.736683509179524
0.7450329959392548
0.7444197705813816
0.7496151455811092
0.7421292194298336
0.7140771618911198
0.7413518215928759
0.7163777223655156
0.7066840061119625
0.7317727335861751
0.7523931179727826
0.7205221823283604
0.7318227589130402
0.7215455004147121
0.7167031509535653
0.7404387124947139
0.7446647201265607
0.7321060129574367
0.7380327922957284
0.740102299622127
0.7386406574930463
0.7375996283122471
0.7123554944992065
0.7297683741365161
0.7425016633101872
0.7319200805255345
0.7221260922295707
0.7359620077269418
0.7491054066589901
0.7234027513435909
0.7399867219584328
0.7175181806087494
0.7372182735374996
0.7585822854723249
0.7438134593623025
0.7486540590013776
0.7223036885261536
0.7160208523273468
0.7356502626623426
0.7211857608386448
0.7440852991172245
0.7412269498620715
0.7476970170225415
0.730999482529504
0.734176938022886
0.7445186674594879
0.7105110543114799
0.7371298628193992
0.7303848990372249
0.710536139351981
0.7469215052468436
0.743144439799445
0.7388382937226977
0.7409235281603677
0.7456299790314266
0.7374170337404523
0.7449574002197811
0.7276864520141056
0.7212837934494019
0.7331608491284507
0.7257765063217708
0.7370141105992454
0.7347982568400246
0.7198697924613953
0.751497038773128
0.7375882693699428
0.7426938968045371
0.7434929481574467
0.7438827327319554
0.7317706899983543
0.7408239117690495
0.7286821731499263
0.7182573463235583
0.730178028345108
0.7321844824722835
0.72820702620915
0.730000593832561
0.7416241339274815
0.7379636083330426
0.7363769539764949
0.732296781880515
0.7413246631622314
0.7348943650722504
0.7365081352846963
0.7319411848272596
0.7492408284119197
0.7366550862789154
0.7313892330442157
0.7415186720235007
0.7312722759587424
0.7426812606198447
0.728567225592477
0.7283225442681994
0.7396821933133262
0.7375045248440334
0.7469269675867898
0.7156645059585571
0.7375982744353158
0.7477503716945648
0.7216250726154873
0.7576488384178707
0.7416848370007106
0.7490490589823041
0.7368679089205605
0.7017333124365125
0.723895251750946
0.7415802904537746
0.7274169496127537
0.7328191910471235
0.744678088596889
0.7181773270879473
0.7272353725773948
0.7296393385955265
0.7362385988235474
0.7305191499846322
0.7366376178605216
0.7350109262125832
0.7619928845337459
0.744084004844938
0.7437548850263868
0.715498651776995
0.7410410387175423
0.7461629722799573
0.721632352897099
0.7320047702108111
0.7510688943522317
0.7197893006461007
0.7309010199138096
0.7463161519595555
0.7182051880019051
0.7210790600095477
0.7342975607940129
0.7329070908682687
0.7266142027718681
0.739317387342453
0.7296408201966967
0.7431143564837319
0.7356118559837341
0.7550697071211678
0.7162997509752002
0.7216809902872358
0.7328466730458396
0.744823042835508
0.7265465770448957
0.7449472504002708
0.7452393174171448
0.7201821718897138
0.7353400204862867
0.7492086674485888
0.7339518027646201
0.732195781809943
0.7269085049629211
0.7446157761982509
0.7660193230424609
0.7186600991657802
0.7382496723106929
0.7308640054294041
0.7529501020908356
0.7603962251118251
0.7407529481819698
0.7459086775779724
0.7415587731770107
0.7482259614127023
0.7259882433073861
0.748473197221756
0.7204930824892861
0.7489074851785388
0.7230236317430224
0.7217695159571511
0.7248624009745461
0.7506619351250785
0.7318470392908368
0.7443481002535138
0.7157765243734632
0.739296942949295
0.7497049186910901
0.756027775151389
0.7402176771845136
0.7227861285209656
0.7296827052320752
0.7332810972418103
0.7276176682540348
0.7397674407277789
0.7398233839443752
0.7446562903267997
0.7402290488992419
0.7245304456778935
0.7376194638865334
0.7385575941630772
0.7376498324530465
0.7540269621780941
0.7470881811210087
0.7374952222619738
0.7398095726966858
0.7450941162449973
0.7377705488886152
0.7657150711332049
0.7257810958794185
0.7435762073312487
0.7360697856971196
0.7299052008560726
0.7391728929110936
0.7395673607076917
0.7452433364731925
0.7217411484037127
0.7624333160264152
0.748418003320694
0.7379891446658543
0.7381016143730709
0.7394918373652867
0.7180911004543304
0.7299462854862213
0.7347799922738757
0.7349088873182025
0.7308305416788373
0.721034301178796
0.7339615566389901
0.739606533731733
0.748043349811009
0.7349622036729541
0.7270245764936719
0.7508513033390045
0.7398333166326795
0.7438836310591016
0.7415297840322767
0.7368717917374202
0.7367112295968192
0.7314611843654087
0.7464132308959961
0.7418825370924813
0.7228508080754962
0.7443933231489999
0.7394307979515621
0.7362135222979954
0.7381606187139239
0.7242537907191685
0.7071107115064349
0.7362845199448722
0.7459633094923837
0.7234881435121808
0.732804421867643
0.736872170652662
0.7288388609886169
0.7343030273914337
0.7299710554736001
0.7499695590564183
0.732693931886128
0.7480112058775765
0.7470121511391231
0.7659207156726292
0.7446923213345664
0.7330194754259927
0.7569309515612466
0.7401035896369389
0.7430874535015651
0.7300590872764587
0.7537855165345329
0.7291974765913827
0.7528431798730578
0.7360449773924691
0.7300793485982078
0.75178576367242
0.7124370847429548
0.7475291660853794
0.7376072066170829
0.7334133173738208
0.7296216658183506
0.7369940876960754
0.7277276643684932
0.7468172056334359
0.7386736146041325
0.7509254387446812
0.7165772616863251
0.7329200846808297
0.7388497505869184
0.7332937504564013
0.7279315037386758
0.7142024167946407
0.7318234401089805
0.7501063772610256
0.7379427935395922
0.7278627966131482
0.7283822553498405
0.7485170449529376
0.7352594860962459
0.7298705322401864
0.7521165439060756
0.7441792913845607
0.7207362055778503
0.7256023628371102
0.7351452239922115
0.7351487874984741
0.7252901239054543
0.7472034820488521
0.7368684325899396
0.7397786293710981
0.7254193127155304
0.7283861381667001
0.722517056124551
0.7533175008637565
0.734863030058997
0.7106597551277706
0.7581196214471545
0.7398140813623156
0.7354044914245605
0.7321863302162716
0.7232115396431514
0.739357705627169
0.7509432690484183
0.7355140660490308
0.7223118841648102
0.7316434681415558
0.7371434143611363
0.7375319302082062
0.716032258101872
0.7528350182941982
0.7136674438204084
0.7416358036654336
0.7227601408958435
0.7223548633711678
0.724284827709198
0.7422275287764413
0.7196104058197567
0.7364766853196281
0.7531098553112575
0.7374694900853294
0.732378078358514
0.7097388505935669
0.7282502012593406
0.7087629820619311
0.7625462796006884
0.7463668244225639
0.7301476384912219
0.7433062834399087
0.7095206720488412
0.7406765009675708
0.7157985057149615
0.7249949020998818
0.7418627313205174
0.7296564195837293
0.7256682429994855
0.7357357357229505
0.7352946145193917
0.7301704244954246
0.7481058154787336
0.7544549064976829
0.7345492286341531
0.7408974340983799
0.7324837233339038
0.7351150257246835
0.754142701625824
0.7274903697626931
0.7570366476263318
0.7398561664990017
0.74606654047966
0.7196471222809383
0.7447101473808289
0.7216754640851702
0.7289188802242279
0.7401321956089565
0.7180216695581164
0.7380618495600564
0.7437210977077484
0.741454473563603
0.7490527331829071
0.7389217444828579
0.7555186109883445
0.7521310491221291
0.736605418579919
0.7497627139091492
0.7300764322280884
0.7431421833378928
0.7649642314229693
0.7194410988262722
0.7526577115058899
0.7373734031404767
0.743223283972059
0.726231609072004
0.7509547642299107
0.7284781805106572
0.7364000763211932
0.7624465780598777
0.7446131578513554
0.7425189145973751
0.7468165031501225
0.7434523446219308
0.7315942857946668
0.7257335484027863
0.7381789343697684
0.7304940138544355
0.7413538268634251
0.7362050797258105
0.7243726679256984
0.7348741250378745
0.7456416019371578
0.7424772594656263
0.7351021085466657
0.7233820387295314
0.7420681629862104
0.7089383006095886
0.7079430648258754
0.7587438225746155
0.7468163413660867
0.7349676660129002
0.7361717351845333
0.7246605839048114
0.7341055359159198
0.7118430989129203
0.7258279238428388
0.7262174103941236
0.7174227237701416
0.722225261586053
0.7590034604072571
0.7298392483166286
0.7377092327390399
0.7307172034467969
0.7577634538922992
0.7400141954421997
0.7397466003894806
0.7472676336765289
0.7420015037059784
0.7492073220866067
0.7387563756534031
0.7483409515448979
0.7486206591129303
0.7299268671444484
0.7290293446608952
0.7489672132900783
0.7508366448538644
0.7489504090377263
0.7279503643512726
0.7512664411749158
0.7288873323372432
0.7330527773925236
0.7390544967991965
0.7376898952892849
0.7266580164432526
0.7433523493153709
0.7346191704273224
0.7240996488503048
0.7450697720050812
0.7407322398253849
0.7223708714757647
0.7363455636160714
0.7474360764026642
0.7010801008769444
0.7425484444413867
0.7389525643416813
0.7447075630937304
0.744713327714375
0.7367762412343707
0.7243974932602474
0.7435858249664307
0.7442177874701363
0.7491379635674613
0.7168329187801906
0.724293270281383
0.7413166846547808
0.7303961728300367
0.752273291349411
0.750165764774595
0.7275138199329376
0.7134396348680768
0.728359043598175
0.7289525994232723
0.7244477442332676
0.731484945331301
0.7368052048342568
0.7229838584150586
0.7386862465313503
0.713758545262473
0.7515903753893716
0.7512753094945636
0.7260242913450513
0.7385191704545703
0.7400546414511544
0.7460401441369738
0.7284980458872659
0.7596484039510999
0.7337014589990888
0.7415668751512255
0.7363524692399162
0.7272474467754364
0.7400166818073818
0.7273698406560081
0.7292784196989877
0.7374528987067086
0.7274917875017438
0.7476006277969905
0.7302152386733464
0.7430753622736249
0.7266078037875039
0.7698841222694942
0.758199657712664
0.736608726637704
0.7583926107202258
0.7401957128729139
0.7422109842300415
0.7321995922497341
0.7505073802811759
0.7183036080428532
0.7281752143587384
0.7391294368675777
0.7475938158375877
0.7264427627835955
0.7366147211619786
0.7252828010490963
0.7226026228496006
0.7510178642613548
0.7155970973627908
0.7391354526792254
0.728724867105484
0.74191614985466
0.7175837074007306
0.734899137701307
0.7127638629504612
0.7389899662562779
0.727843199457441
0.733282881123679
0.7387576997280121
0.7468029941831317
0.7316113923277173
0.7480872443744114
0.7370818087032863
0.7471593150070736
0.732354359967368
0.7298095737184797
0.7402983563286918
0.7339704973357064
0.7379052681582314
0.7363762429782322
0.7443200094359261
0.7338837300028119
0.7346518550600324
0.7393488543374198
0.7386594159262521
0.7318231122834342
0.7342786320618221
0.7374649601323264
0.746096704687391
0.7400562976087842
0.735522312777383
0.7387864461966923
0.7483140230178833
0.7289251174245562
0.7207428855555398
0.7406176541532788
0.7338557839393616
0.7372827359608242
0.7334955845560346
0.7182203275816781
0.7351183635847909
0.745746774332864
0.7440215562071119
0.7219894315515246
0.7246798191751752
0.7515007938657489
0.7406334621565682
0.7272440152508872
0.7395243091242654
0.7167739910738808
0.7218838546957288
0.7482966142041343
0.733018159866333
0.7524859820093427
0.7507174100194659
0.7244291603565216
0.7346244539533343
0.749821777854647
0.7444976653371539
0.724558025598526
0.745183174099241
0.7194628587790898
0.7316873243876866
0.7447349684579032
0.7391090009893689
0.7438765040465763
0.7321946833814893
0.7288915940693447
0.7477959053856986
0.7278489002159664
0.7277223936149052
0.7356804013252258
0.7327600206647601
0.7540228153978076
0.7460898416382926
0.7481599620410374
0.7430268270628793
0.7349365821906498
0.7440634667873383
0.7283154853752681
0.7227079825741904
0.732599892786571
0.7288420157773154
0.7517182188374656
0.7351493963173458
0.7311088996274131
0.7813839018344879
0.7418174913951329
0.7573212427752358
0.70592571582113
0.7397213407925197
0.7453904747962952
0.7393334593091693
0.7348786635058266
0.724660439150674
0.7384177318641117
0.7616854522909436
0.7377952848161969
0.7374032097203391
0.7432495440755572
0.7437331250735691
0.735639968088695
0.7428408946309771
0.7419978039605277
0.7341430059501103
0.7302515975066594
0.7487211568014962
0.7395707241126469
0.7426226139068604
0.7538495659828186
0.7069242766925267
0.732714410339083
0.7606082941804614
0.738334447145462
0.7271527137075152
0.7228743050779615
0.736369571515492
0.7650906017848423
0.7296391257217952
0.7256565775190081
0.7155381653990064
0.7000259757041931
0.7269631241049085
0.7459050416946411
0.7321996646268027
0.7344964912959507
0.7496175425393241
0.7345872478825706
0.7336816149098533
0.7453454221997943
0.7440854907035828
0.7385614386626652
0.7361210754939488
0.7469306290149689
0.731147072144917
0.7299948377268655
0.7359993926116398
0.7333793214389256
0.7503071171896798
0.7431882449558803
0.7439192916665759
0.716108922447477
0.745388001203537
0.7486860794680459
0.720596296446664
0.7225184440612793
0.7645504985536847
0.7490188777446747
0.731714265687125
0.735107924257006
0.7502603999205998
0.7423548187528338
0.7385515017168862
0.7299246660300663
0.7390443895544324
0.7527688528810229
0.7320643876280103
0.7142933692250933
0.7450882494449615
0.735816457441875
0.7422313221863338
0.726539420230048
0.7319039830139705
0.7392514050006866
0.7486635531697955
0.7433750331401825
0.7624935720648084
0.7268407387392861
0.7531526003565107
0.7479187803609031
0.7569732027394431
0.7595441596848624
0.7277484067848751
0.7449329112257276
0.7259615276541028
0.7188365161418915
0.7415371494633811
0.7420135395867484
0.7294232419558934
0.7515767472130912
0.7333737526621137
0.7448193218026843
0.7402338470731463
0.7451760470867157
0.7160297589642661
0.7399797822747912
0.7350643915789468
0.7366079688072205
0.7415066872324262
0.7584941387176514
0.7414676078728267
0.7586392760276794
0.7405106936182294
0.727283103125436
0.7377248917307172
0.7391549178532192
0.7242445562567029
0.7425484231540135
0.743569335767201
0.7354812962668282
0.7340258019311088
0.7388647411550794
0.7519701293536595
0.7221702209540776
0.7251435433115277
0.7457593423979623
0.7093303416456495
0.7337040688310351
0.7278737298079899
0.7318653677191053
0.7248682422297341
0.760380472455706
0.7167767754622868
0.7276743565286908
0.7261407162461962
0.7420007586479187
0.731261134147644
0.7297229724270957
0.7190108639853341
0.7256865416254316
0.7387101394789559
0.7519717940262386
0.7166160217353276
0.7409088483878544
0.7243393063545227
0.7191760497433799
0.7400302290916443
0.7424480872494834
0.7217296872820173
0.7397598581654685
0.728339148419244
0.7463145937238421
0.7127373005662646
0.7373338469437191
0.736039046730314
0.7283909022808075
0.716636849301202
0.7244321661336082
0.7377806093011584
0.7386183568409511
0.7212789484432766
0.7192618463720594
0.7390253756727491
0.7364671230316162
0.7506316133907863
0.7270270713738033
0.7408366118158612
0.7309524289199284
0.7424088588782719
0.7369295954704285
0.7290441351277488
0.7344755870955331
0.7413413907800402
0.7425620470728193
0.7156788877078465
0.7288641716752734
0.7217348430837903
0.7442501740796226
0.730364169393267
0.7298115193843842
0.7149768003395626
0.7440033640180316
0.7510094472340175
0.7307995813233512
0.7446034635816302
0.7311350745814187
0.714407456772668
0.7430715050016131
0.7409013637474605
0.7345246502331325
0.7275489696434566
0.7483197833810534
0.7301511679376874
0.7375866302422115
0.7225422731467656
0.7171649251665387
0.7213245161942073
0.7440896459988185
0.7384614178112575
0.7346551929201398
0.7510559516293662
0.7360893956252507
0.7451396243912833
0.7511925867625645
0.7514775352818626
0.7449409110205514
0.7429966713700976
0.7348682284355164
0.7273935547896794
0.7471839104379926
0.7255130580493382
0.737560612814767
0.7373154291084835
0.7345402198178428
0.7571873409407479
0.7071612860475268
0.7289891839027405
0.7569211934294019
0.7439500774656024
0.7526855894497463
0.7133719452789852
0.7333750639642987
0.7507741451263428
0.7266640279974256
0.71799983722823
0.7257411054202488
0.7544033059052059
0.7331230384962899
0.741713034255164
0.737209392445428
0.7419194195951734
0.7400154684271131
0.7381952830723354
0.7496992562498365
0.7320887872150966
0.7587582724434989
0.7299679177148002
0.7400746600968497
0.7366393251078469
0.7505747590746198
0.7177956828049251
0.7400353125163487
0.7399502183709826
0.7318525101457324
0.7338394565241677
0.7354485307421003
0.7583083893571582
0.7258724783148084
0.7243003802640098
0.7279798473630633
0.7362508050033024
0.732114200081144
0.7541443237236568
0.721096179315022
0.7600748070648738
0.7565994305270058
0.7354456612042019
0.7547069447381156
0.7242139152118138
0.7337928116321564
0.7398629188537598
0.7352446658270699
0.7472562789916992
0.7444894995008197
0.7062765955924988
0.7419812551566533
0.7296530263764518
0.7274599543639592
0.7485763515744891
0.7206758643899646
0.7378356201308114
0.7363909142357963
0.7324303942067283
0.7274574594838279
0.729777101959501
0.7511813938617706
0.7297849995749337
0.7467128464153835
0.7282914859907967
0.7322754902499062
0.7352041942732674
0.7356658833367484
0.7411312971796308
0.7635484465530941
0.7380012358937945
0.7303691250937325
0.7311215698719025
0.740284549338477
0.7414551419871194
0.7189626055104392
0.7166206794125694
0.759799199444907
0.7102677183491843
0.7383218067032951
0.7372756898403168
0.7140112008367266
0.7488336648259845
0.7268283792904445
0.7566994513784137
0.747184523514339
0.7321598742689405
0.7397750828947339
0.7291544505528041
0.7366127925259727
0.7333585705075946
0.7405875452927181
0.7345179106507983
0.7245156509535653
0.7472673058509827
0.7368044853210449
0.7312691296849932
0.7345581565584455
0.7404044696262905
0.7243775810514178
0.7519424642835345
0.7324668381895337
0.747935733624867
0.7291548252105713
0.7417199867112296
0.771518519946507
0.7247358943734851
0.7390610149928502
0.7334298150879996
0.7411162682941982
0.7388692966529301
0.7397129535675049
0.7355649258409228
0.7345771065780095
0.734418626342501
0.7450520013059888
0.7379335250173297
0.7375673481396267
0.7287176847457886
0.75154361980302
0.737946846655437
0.7424179911613464
0.7408296252999987
0.7187633173806327
0.7440367724214282
0.7417222474302564
0.7438045995576041
0.7373201463903699
0.7455453361783709
0.7370319707053048
0.7325476237705776
0.7503597225461688
0.7304984629154205
0.7172205831323352
0.7370781685624804
0.7241116975034986
0.7474902399948665
0.7271618502480643
0.7508408214364733
0.71579595548766
0.7462984366076333
0.7313005668776376
0.7573136729853494
0.7352029596056256
0.7182169301169259
0.7463685359273639
0.7314928727490562
0.7476217533860888
0.7396342882088253
0.7373966787542615
0.738361486366817
0.7493659130164555
0.7240983630929675
0.7353614228112357
0.7560360559395382
0.7344187838690621
0.723196919475283
0.7417385833603996
0.7356014166559491
0.7394051338945117
0.7505513003894261
0.7394799760409764
0.7306712525231498
0.737260673727308
0.7227604218891689
0.7332561995301928
0.7173040722097669
0.7483368005071368
0.7057145152773175
0.7453416585922241
0.715730083840234
0.7393505999020168
0.7556906001908439
0.7417883617537362
0.725144522530692
0.7480612184320178
0.7434660281453814
0.7642947648252759
0.7171981036663055
0.7289602415902274
0.7420107168810708
0.7362230207238879
0.7225835280758994
0.7559927489076342
0.734190400157656
0.7427944668701717
0.7324831570897784
0.7400694574628558
0.7448979999337878
0.7670566652502332
0.7478977697236198
0.7339495973927634
0.7605335329260144
0.7428627184459141
0.7379993498325348
0.735810671533857
0.720156831400735
0.7363057008811406
0.7224135994911194
0.7270766752106803
0.742286205291748
0.7396716560636248
0.735735263143267
0.7341157623699733
0.7420733613627297
0.7201070955821446
0.7311844485146659
0.7416712897164481
0.7408802211284637
0.7213566729000637
0.7410145572253636
0.7318310865334102
0.7271906520639148
0.7230536213942936
0.7276147902011871
0.7372780740261078
0.7229374306542533
0.7418566559042249
0.7333921960421971
0.7155626629080091
0.7211054180349622
0.7309341430664062
0.7456483287470681
0.7427679342882973
0.7108048839228494
0.7375100893633706
0.7286293847220284
0.7296445923192161
0.7293187422411782
0.7319427600928715
0.7404637549604688
0.7273002777780805
0.7246691627161843
0.7430849373340607
0.7352743489401681
0.7456914356776646
0.7487168993268695
0.7498498473848615
0.7491399305207389
0.7227828502655029
0.7447832652500698
0.7414792946406773
0.7360311533723559
0.7255402207374573
0.7250330490725381
0.7396953531673977
0.7427404480321067
0.7525615096092224
0.7457884805543082
0.7269122557980674
0.7525669591767448
0.7158966617924827
0.7230603013719831
0.7409743326050895
0.7251382342406681
0.7536284710679736
0.7261191606521606
0.7330671633992877
0.7283418476581573
0.7411325063024249
0.751817911863327
0.7305782820497241
0.7369061708450317
0.7333652760301318
0.7577249152319772
0.7329628467559814
0.7455810606479645
0.7166820040770939
0.7402566799095699
0.7435708897454398
0.7203331206526075
0.7347519184861865
0.7359003126621246
0.7376722608293805
0.7219019532203674
0.7489241489342281
0.7202489929539817
0.7328361741134098
0.7439497283526829
0.7558903864451817
0.7285576377596173
0.7445133967058999
0.7143187352589199
0.7323197509561267
0.7317960390022823
0.7587518436568124
0.7408638851983207
0.7376545241900853
0.7177921405860356
0.7520482625280108
0.739471184355872
0.742220516715731
0.7115404989038195
0.7253958242280143
0.7350747244698661
0.770288484437125
0.7460968111242566
0.7421237741197858
0.7324336980070386
0.7316468102591378
0.7279789277485439
0.7369134298392704
0.741326527936118
0.7485282719135284
0.7377155636038099
0.7431415702615466
0.7316806103502002
0.7409867984907967
0.7624478467873165
0.7262060855116163
0.7548002260071891
0.7615626667227063
0.7250912828104836
0.7336819044181279
0.7539795424257006
0.752746194601059
0.73784367953028
0.7532206518309457
0.7264632412365505
0.7251587041786739
0.742184945515224
0.7276477984019688
0.7204644083976746
0.7252602747508458
0.7508553862571716
0.7308090201445988
0.7454929181507656
0.7273408727986472
0.7588781629289899
0.7420974118368966
0.7385043544428689
0.7296232027666909
0.7124649584293365
0.7502487770148686
0.7598973384925297
0.7437439007418496
0.7633090998445239
0.7592132091522217
0.7573038211890629
0.7385294011660984
0.7264663364206042
0.7384345999785832
0.7491854684693473
0.7439314595290593
0.732936931507928
0.7471850429262433
0.7418613944734845
0.7685832636696952
0.7377159978662219
0.7345196349280221
0.7529437499386924
0.7440865422998156
0.7434224528925759
0.7401888285364423
0.727457697902407
0.7507913410663605
0.7614935338497162
0.7312719907079425
0.7415658618722644
0.7372771714414869
0.7356053420475551
0.7228717591081347
0.7411824464797974
0.7284219477857862
0.7266146412917546
0.7308128944465092
0.7195294754845756
0.7234166477407727
0.7360711778913226
0.7361394464969635
0.746670697416578
0.7487654728548867
0.742463482277734
0.7107919922896794
0.7270753043038505
0.7510891258716583
0.7690673896244594
0.7537319787911007
0.7379841676780156
0.7535874928746905
0.7458025429930005
0.7343706871782031
0.7342919111251831
0.7384052148887089
0.7210555459771838
0.7425429395266941
0.734213513987405
0.7324196440832955
0.7266184432165963
0.7301196583679744
0.7485492144312177
0.7231238782405853
0.7411975221974509
0.7416049667767116
0.7347444338457925
0.7231146054608482
0.7275672256946564
0.7438862196036747
0.7592617060456958
0.7311183299337115
0.7194259294441768
0.7352335623332432
0.7344493653093066
0.7543437651225499
0.7310298894132886
0.7539524180548531
0.7567824423313141
0.7309642093522208
0.7253303698131016
0.7291120631354195
0.7386302266802106
0.7641117402485439
0.7319324910640717
0.7107654171330589
0.7338797790663583
0.7397320781435285
0.735860560621534
0.7401553477559771
0.7414771361010415
0.7294626448835645
0.7374620607921055
0.7530712613037654
0.7450479907648904
0.7376931352274758
0.7353917786053249
0.7334733264786857
0.7564734433378492
0.7419238345963615
0.7414874008723668
0.7580788007804325
0.7392671150820596
0.7318622044154576
0.7412585232939038
0.7137743788106101
0.7300447140421186
0.7303116236414228
0.7377350543226514
0.7320350238255092
0.7368939774377006
0.7347824020045144
0.7410652935504913
0.7349388343947274
0.7256439924240112
0.7399921459811074
0.7281289313520704
0.7476063541003636
0.7202329507895878
0.7404339611530304
0.7429152812276568
0.725206047296524
0.742698963199343
0.7244956025055477
0.7265821312155042
0.7364059388637543
0.7409806081226894
0.7419153622218541
0.7519858479499817
0.7338235804012844
0.7480267328875405
0.7452728407723563
0.7332395570618766
0.7278025788920266
0.7592467154775348
0.7634280962603432
0.7577605247497559
0.7351000521864209
0.7391645525182996
0.7306746287005288
0.740032217332295
0.7330021560192108
0.7374566623142788
0.7495329890932355
0.7197546320302146
0.7388322736535754
0.7401841112545559
0.7444131629807609
0.7290512365954263
0.7232308600630079
0.7301273729119983
0.7107889524527958
0.7259981759956905
0.7488851206643241
0.7553410146917615
0.7377685606479645
0.7329934026513781
0.7337071682725634
0.7084550389221737
0.7500748889786857
0.7234851717948914
0.7418578054223742
0.7348215196813855
0.7422277246202741
0.7328846667494092
0.7215178864342826
0.7405874856880733
0.7471015666212354
0.7499331023011889
0.7454921049731118
0.7432418933936528
0.7429016871111733
0.7461525201797485
0.7541102426392692
0.7390915070261274
0.7368720812456948
0.7320804851395744
0.7414926375661578
0.7344125253813607
0.7407768368721008
0.7230430543422699
0.7327561846801213
0.7312990427017212
0.7505812559809003
0.7281016324247632
0.7132443828242165
0.7320566475391388
0.7453369157654899
0.7233772959027972
0.7424093357154301
0.7448272023882184
0.7574132851191929
0.7580258931432452
0.731458306312561
0.7129206103937966
0.734941405909402
0.7577363465513501
0.742266982793808
0.7375781493527549
0.7204863556793758
0.7379226301397596
0.7445170964513507
0.7412674469607217
0.725447382245745
0.754202493599483
0.746151830468859
0.7424615153244564
0.740798796926226
0.748377480677196
0.7319327848298209
0.742425663130624
0.7476614841393062
0.7363145564283643
0.7230114596230643
0.7455130645206997
0.7384524898869651
0.7373280780655997
0.746869661978313
0.7382076638085502
0.7518657956804548
0.7357737507138934
0.7252386212348938
0.7319906864847455
0.7478760693754468
0.7289231717586517
0.7265081575938633
0.7340296847479684
0.7441893943718502
0.7438465356826782
0.7281674529824939
0.7404507441180093
0.7268438935279846
0.732202057327543
0.7403722405433655
0.7533474053655352
0.7415735934461866
0.7208386148725238
0.7420763756547656
0.7202700929982322
0.7422660078321185
0.7543804134641375
0.7263185339314597
0.7316100810255323
0.725859386580331
0.73973377261843
0.7478716841765812
0.7263955218451363
0.7473538603101458
0.728497075183051
0.7380425546850476
0.7369879399027143
0.7329636514186859
0.7287775490965162
0.7214193386690957
0.7459583537919181
0.7393078037670681
0.7397138689245496
0.7497716673782894
0.7225878068378994
0.7255165874958038
0.718504786491394
0.7243783857141223
0.7391539173466819
0.7259680799075535
0.7241013433252063
0.7316324625696454
0.7492685616016388
0.7426000620637622
0.7257188090256282
0.720463684626988
0.7351477188723428
0.7501285885061536
0.7284621724060604
0.7376135970864978
0.7412055517945971
0.7296065475259509
0.7406829851014274
0.7398090575422559
0.7300977196012225
0.746015510388783
0.7579759912831443
0.7444428418363843
0.7378016412258148
0.7103380688599178
0.7424427739211491
0.7157231782163892
0.7473618303026471
0.7341460543019431
0.7225495747157505
0.726232009274619
0.7084378472396305
0.766858696937561
0.7582010797091893
0.7291610368660518
0.7218275538512638
0.7400810973984855
0.7422364354133606
0.7339141922337669
0.7250759431294033
0.7345644618783679
0.7477099512304578
0.7458999497549874
0.7324080807822091
0.7255173197814396
0.7235521972179413
0.7490980241979871
0.7380008740084512
0.7442774517195565
0.7283245282513755
0.7646234205790928
0.7281157204083034
0.7368502404008593
0.71281840971538
0.747927474124091
0.7560147047042847
0.7525262492043632
0.717750826052257
0.7435282383646283
0.7587506260190692
0.7168627423899514
0.7639170714787075
0.7183550213064466
0.7500667018549783
0.7431443929672241
0.724989537681852
0.7444789111614227
0.7329748443194798
0.7508306631020137
0.7409004185880933
0.7291377782821655
0.7359388130051749
0.7347418580736432
0.7361054335321698
0.7284564418452126
0.7309530462537494
0.7356413645403725
0.723893723317555
0.7469979694911412
0.7447657627718789
0.7314550663743701
0.7313735995973859
0.7471413016319275
0.7337712390082223
0.7346169097082955
0.7315129893166679
0.7191360507692609
0.7346426376274654
0.7448622839791434
0.7312950193881989
0.7318921344620841
0.7200528255530766
0.7413330376148224
0.7619347742625645
0.74118030497006
0.7386363787310464
0.73707115650177
0.7152668067387172
0.7280294682298388
0.7472557808671679
0.7157451297555651
0.735091758625848
0.7531103066035679
0.7100723172937121
0.7417788803577423
0.7313177500452314
0.7469805266175952
0.7512038222381047
0.7448858491012028
0.7528935330254691
0.731246897152492
0.732254832983017
0.7342404552868435
0.7485045407499585
0.7245485612324306
0.7593746994222913
0.7398759850433895
0.7390466460159847
0.7280343898705074
0.726280574287687
0.7287630779402596
0.7650175179753985
0.7424257738249642
0.7208103026662555
0.7485733159950801
0.7282793096133641
0.7454395805086408
0.7529335745743343
0.7205845074994224
0.7211094328335353
0.7216260646070752
0.7279450425079891
0.7361322045326233
0.7259401679039001
0.7221983756337848
0.7284579489912305
0.7452520642961774
0.7440383817468371
0.7292963096073696
0.7445804859910693
0.749286127941949
0.731344780751637
0.7508842859949384
0.7424403727054596
0.7360269810472216
0.761306630713599
0.7329303664820535
0.7473982274532318
0.733465416090829
0.7604354832853589
0.7577757622514453
0.7342060463769096
0.7475700846740178
0.7492112985679081
0.7451557687350682
0.7438539777483258
0.7427878975868225
0.7279281786509922
0.741125728402819
0.7317548011030469
0.7425290899617332
0.757981824023383
0.7424784983907428
0.7156195299965995
0.7389801953520093
0.7248439150197166
0.7291935299124036
0.7148316758019584
0.7168806365558079
0.7246487992150443
0.7291487114770072
0.7616260349750519
0.7262533860547202
0.7398617437907627
0.7423372694424221
0.7295547383172172
0.7399602404662541
0.7357618595872607
0.7213387617043087
0.7396047839096614
0.7359319414411273
0.7407268711498806
0.7555274452481952
0.7492222360202244
0.7389204289231982
0.7214515038899013
0.723900841815131
0.7440877045903888
0.7408739583832877
0.7387452849320003
0.7258419564792088
0.749563672712871
0.7381226590701512
0.7289100331919534
0.7370578008038657
0.7402060031890869
0.7258134143693107
0.7340253506387983
0.7372300497123173
0.7533117830753326
0.7485053539276123
0.7397987246513367
0.723182852779116
0.7328950337001255
0.7427484776292529
0.7376783277307238
0.724662184715271
0.7282129440988813
0.7412630830492292
0.7395576238632202
0.7280865865094321
0.7212899156979152
0.7379707566329411
0.7438409200736454
0.7406242702688489
0.7328236954552787
0.7290910269532885
0.7607548407145909
0.7723124410424914
0.7333241105079651
0.7535269728728703
0.7391817442008427
0.7407187904630389
0.7437057537691933
0.7411162810666221
0.7323955850941795
0.7339191607066563
0.7381005755492619
0.7290389112063816
0.7405047842434475
0.7416404954024723
0.7371049693652562
0.7346229595797402
0.769685332264219
0.742818317243031
0.7400799095630646
0.7281983324459621
0.7381184271403721
0.7552756922585624
0.733583675963538
0.7535663076809475
0.7407057498182569
0.7278801585946765
0.757672267300742
0.7185145148209163
0.7296974190643856
0.6970945852143424
0.762073985167912
0.7238797204835075
0.7258688381740025
0.7526156221117292
0.72787949017116
0.7385237004075732
0.7331909154142652
0.7389367520809174
0.7336798182555607
0.7295947926385062
0.7351385695593697
0.7268290775162833
0.7458273853574481
0.7408653540270669
0.7207938304969242
0.7596250772476196
0.7316748244421822
0.7368010452815464
0.7485750317573547
0.7449822638716016
0.7357137841837746
0.7535144090652466
0.7390143062387194
0.7381912129265922
0.7503276978220258
0.7328108038221087
0.7513285236699241
0.7321652344294957
0.7563118466309139
0.7199059809957232
0.7416805837835584
0.7391027723039899
0.7198360562324524
0.7412221133708954
0.7431375937802451
0.7309289957795825
0.7172464856079647
0.7471890875271389
0.7254830045359475
0.7331815106528146
0.7422662164483752
0.7321776790278298
0.7399532198905945
0.7024156068052564
0.751195320061275
0.7495777947562081
0.7533522375992366
0.7465073466300964
0.7407290382044656
0.7431370105062213
0.7311352491378784
0.7390442192554474
0.7228813128811973
0.7458249117646899
0.7466940709522792
0.747167489358357
0.7405158068452563
0.7337839645998818
0.7226786868912833
0.7497956114155906
0.7470446016107287
0.7300001467977252
0.7339902477605003
0.7322483318192619
0.7339132470743996
0.7395149511950356
0.7317623325756618
0.7478004693984985
0.7177862014089312
0.7445002453667777
0.7478547947747367
0.7392203722681318
0.7272143406527383
0.7413864093167442
0.7365538903645107
0.7556529854025159
0.7364782350403922
0.7461158377783639
0.7427735328674316
0.7464314912046704
0.7247788693223681
0.727214549268995
0.753207551581519
0.7357204726764134
0.732414858681815
0.7348063630717141
0.7209322282246181
0.7367740869522095
0.7436729456697192
0.7293167880603245
0.7357005264077868
0.740773298910686
0.7418879653726306
0.7323806285858154
0.7399143150874546
0.7321372202464512
0.744350152356284
0.7290866843291691
0.7333160213061741
0.7327302694320679
0.7400358447006771
0.7390881478786469
0.7273576472486768
0.7163964126791272
0.7590762461934771
0.7291578565325055
0.7510760511670794
0.7443553507328033
0.7397523948124477
0.7289807413305555
0.7308229037693569
0.7282991026129041
0.7378549831254142
0.7279856928757259
0.727932585137231
0.7200019359588623
0.7499007454940251
0.7449405448777335
0.7366078921726772
0.7452837867396218
0.7484850883483887
0.7548309223992484
0.7408066179071154
0.7525774751390729
0.7389754014355796
0.7437721788883209
0.7345122652394431
0.7401490935257503
0.7429263974939074
0.7403196053845542
0.7367181181907654
0.726159576858793
0.7324986585548946
0.732028854744775
0.7413317518574851
0.7305525200707572
0.7334336084978921
0.7419840948922294
0.7236855668681008
0.7260548514979226
0.724929907492229
0.7630954129355294
0.7538135009152549
0.7390283814498356
0.742475722517286
0.7483312232153756
0.7425606889384133
0.7480616782392774
0.7216645947524479
0.7236722665173667
0.7563408400331225
0.7226967002664294
0.7196787893772125
0.7359167379992348
0.7257660414491381
0.7267128867762429
0.7530773963247027
0.7206867337226868
0.7402729604925428
0.7323038407734462
0.728687869650977
0.7530515789985657
0.727202296257019
0.7318297113691058
0.7484027147293091
0.7198990072522845
0.7444109278065818
0.7081527284213475
0.7345082334109715
0.7479527933256966
0.7407156143869672
0.7567767756325858
0.7308465199811118
0.7479267929281507
0.72037387745721
0.7376966731888908
0.7385811337402889
0.7619966055665698
0.751705642257418
0.7317320874759129
0.7621881706374032
0.7266271454947335
0.7326696727957044
0.73495814204216
0.7502334756510598
0.7393322587013245
0.7381507328578404
0.7342333027294704
0.7212671041488647
0.7303124495915004
0.7235691462244306
0.7384405604430607
0.7359736476625715
0.7382684648036957
0.7676828588758197
0.7344258001872471
0.743173360824585
0.7323510987418038
0.7303086050919124
0.7507180230958121
0.7244091417108264
0.7161239641053336
0.7385930376393455
0.753613646541323
0.7349814644881657
0.7459793431418282
0.7313254731042045
0.7460334386144366
0.7480603882244655
0.7271846830844879
0.7361980974674225
0.7190071855272565
0.7442405308995929
0.737054032938821
0.7318580661501203
0.7260095306805202
0.731332962002073
0.7490645391600472
0.732343316078186
0.7427797360079629
0.7191362593855176
0.746276101895741
0.7354527839592525
0.7556545095784324
0.7379584312438965
0.7385123244353703
0.7384518895830426
0.7573271989822388
0.7281261256762913
0.7307380182402474
0.7291401752403804
0.7434693191732679
0.7480469984667641
0.7337797795023236
0.76759592124394
0.7362412597451892
0.7356226912566594
0.7283370835440499
0.7472400622708457
0.7220297626086644
0.7421599583966392
0.7459667410169329
0.7419313490390778
0.7234751326697213
0.7308797240257263
0.7531246500355857
0.7380103979791913
0.7333565652370453
0.7369331930364881
0.7414898702076503
0.7514956508363996
0.7367194167205265
0.7354743012360164
0.7362648631845202
0.7376016293253217
0.7439754051821572
0.7417263984680176
0.7189180850982666
0.7353789465767997
0.732361261333738
0.7313643779073443
0.7506324350833893
0.7304513241563525
0.7276803169931684
0.7194826773234776
0.7325107114655631
0.7452161993299212
0.73439650450434
0.7313864145960126
0.7437089724200112
0.7210692039557866
0.7112722226551601
0.7276786736079625
0.741725891828537
0.7252986899444035
0.7328476820673261
0.7408931510789054
0.732120658670153
0.7471796103886196
0.7479953467845917
0.7206854479653495
0.74495039667402
0.7076603387083326
0.7278951363904136
0.7408616500241416
0.7448892039912087
0.7386911596570697
0.7472344083445412
0.7205526317868914
0.7467471361160278
0.7404309042862484
0.7550897640841348
0.7252819963863918
0.7307663900511605
0.7429658429963248
0.7131007100854602
0.7425778763634818
0.7390522190502712
0.7221303709915706
0.7377140990325383
0.7261753124850137
0.7380600273609161
0.7412178260939462
0.7366155641419547
0.7096332694802966
0.7203995926039559
0.739080228975841
0.743258855172566
0.7221922491277967
0.7319987756865365
0.753830475466592
0.7166148211274829
0.7128174560410636
0.7413227558135986
0.7260799791131701
0.7404008890901294
0.7291394514696938
0.7462274049009595
0.7456101051398686
0.7581340968608856
0.7291068306991032
0.7299378769738334
0.751242458820343
0.7376678798879895
0.7221524502549853
0.741906076669693
0.7553235505308423
0.7455201361860547
0.7495692244597844
0.7346244880131313
0.7589459759848458
0.7259084454604557
0.7411012521811894
0.7311170101165771
0.74441539815494
0.7146899061543601
0.7329476603439876
0.7455676325729915
0.7352467562471118
0.7324137091636658
0.7485561541148594
0.7462593146732875
0.7494805029460362
0.7402098391737256
0.7472994582993644
0.73171266913414
0.71571198957307
0.7403797124113355
0.7166655574526105
0.7565908474581582
0.7376923305647713
0.7172502023833138
0.7310064818177905
0.7404958690915789
0.7346418883119311
0.7418516831738609
0.7315059474536351
0.7285509066922324
0.7437080953802381
0.7371142251150948
0.7394693153245109
0.7242318689823151
0.7501613668033055
0.7361436528818948
0.725440148796354
0.743848694222314
0.7093507264341626
0.726351431437901
0.7389491328171321
0.7598607199532645
0.7363080510071346
0.731817901134491
0.7378740693841662
0.7409879054341998
0.7300098495823997
0.7373896666935512
0.7328267863818577
0.7485766283103398
0.741099647113255
0.7373771795204708
0.7293271720409393
0.755424005644662
0.7245265628610339
0.731495418718883
0.7555284414972577
0.740607214825494
0.7240547920976367
0.732171105487006
0.7398158524717603
0.7564565411635807
0.7317839435168675
0.7474360380853925
0.7395866598401751
0.7473439914839608
0.7180444044726235
0.7507779853684562
0.729243312563215
0.7351558549063546
0.7318178628172193
0.744896126644952
0.7495685730661664
0.7282089037554604
0.733696528843471
0.7517077582223075
0.7076567368847984
0.7432125040463039
0.7312143530164447
0.724963401045118
0.739489482981818
0.7298379370144435
0.7540316964898791
0.7555142896515983
0.7297434466225761
0.7434112003871373
0.7119573354721069
0.7536567449569702
0.7391740168843951
0.7377338835171291
0.7635934097426278
0.7444744621004377
0.7386366937841687
0.7262686491012573
0.719330928155354
0.7239631116390228
0.7465761048453194
0.7310966423579625
0.7446402396474566
0.7425410194056374
0.7514780078615461
0.726683931691306
0.7596899569034576
0.7342268696853093
0.7356523019926888
0.7301493542534965
0.7335441325392041
0.7286381636347089
0.7284663106713977
0.7371556716305869
0.7510530437741961
0.7351736639227185
0.7337650826999119
0.7421648119177137
0.7200860040528434
0.7369973914963859
0.7307999687535423
0.7425634520394462
0.7390459179878235
0.7310957780906132
0.7401452107088906
0.7354508425508227
0.7253326518195016
0.7376603526728494
0.7414108685084752
0.7381524443626404
0.735624875341143
0.7336856637682233
0.7445250749588013
0.7351862447602409
0.73416554076331
0.7555131656782967
0.7371737233230046
0.7358624509402684
0.7433740454060691
0.736505218914577
0.7528362699917385
0.7551574834755489
0.7306937532765525
0.7461496250970023
0.7325124783175332
0.7370004611355918
0.7441783887999398
0.7407309242657253
0.7375880054065159
0.7240886219910213
0.7455007817064013
0.7299228012561798
0.7564276158809662
0.731932669878006
0.7351392464978355
0.7520479730197361
0.7442259022167751
0.7393213382789067
0.728818586894444
0.7440321871212551
0.7534065672329494
0.7289549367768424
0.7433116776602608
0.7203989454678127
0.7380803184849876
0.7523453150476728
0.7485185606139046
0.7368120167936597
0.7469541728496552
0.7438226384775979
0.7440036961010524
0.7287113113062722
0.7512009016105107
0.7310578567641122
0.7230256966182164
0.7268716650349754
0.748052567243576
0.7461205422878265
0.7283900167260852
0.7346763951437814
0.7297548949718475
0.7418787607124874
0.731921809060233
0.7421864228589194
0.7483462606157575
0.7275019373212542
0.7409540968281882
0.730246147939137
0.74380709869521
0.7198690176010132
0.7491860900606427
0.73743765269007
0.7627543338707515
0.7511531795774188
0.7426783016749791
0.7426335215568542
0.7484354419367654
0.7505630339894976
0.7469200832503182
0.7197601837771279
0.7333260689462934
0.7298591903277806
0.7550729129995618
0.7272607173238482
0.7278089480740684
0.7501968187945229
0.7251582954611097
0.7361468545028141
0.7422908331666674
0.727596755538668
0.7565828348909106
0.7424245519297463
0.7432118271078382
0.7192221028464181
0.7432239438806262
0.7485040766852242
0.7415452003479004
0.7261200334344592
0.7144595512322017
0.7141736618110112
0.7666431239673069
0.7369947816644397
0.7466037017958504
0.7280613652297429
0.7183368163449424
0.7383232372147697
0.7481981984206608
0.7398418826716286
0.7397315118994031
0.7573917933872768
0.7273868109498706
0.7534314308847699
0.7302509759153638
0.7422809089933123
0.7598221557480949
0.7342245493616376
0.7311236773218427
0.7250116978372846
0.7432210147380829
0.7358196164880481
0.7328978989805494
0.7360183213438306
0.7367661850793021
0.7331681634698596
0.7334726112229484
0.7489370575972966
0.7438933295863015
0.7505632383482796
0.7118139224393027
0.7189328670501709
0.7386458090373448
0.719610972063882
0.724750565631049
0.7435186505317688
0.7517632714339665
0.7261050045490265
0.7287020342690604
0.7395938507148198
0.756607208933149
0.7435048179967063
0.7153404397623879
0.7574788459709713
0.7387361526489258
0.7282639443874359
0.7137938141822815
0.7185940827642169
0.7488745323249272
0.756557034594672
0.7430252262524196
0.7271697436060224
0.7378253553594861
0.7323987526553017
0.760214022227696
0.7497019384588514
0.7106630759579795
0.7351789261613574
0.7243574346814837
0.7222067756312234
0.7527032196521759
0.7175208159855434
0.7402579401220594
0.7394313216209412
0.7421298197337559
0.7255396289484841
0.7242704544748578
0.7222957525934491
0.7456034847668239
0.7380912772246769
0.7393098388399396
0.7190884266580854
0.7285058838980538
0.7345765062740871
0.7316152538572039
0.7214602955750057
0.7427037571157727
0.7446779949324471
0.7265073912484306
0.7262917075838361
0.7406767393861499
0.7243374330656869
0.7268949661936078
0.7397728562355042
0.7451912973608289
0.7162117660045624
0.7329619910035815
0.7240919385637555
0.7344306026186261
0.7273307655538831
0.7155139659132276
0.7348673088209969
0.730030004467283
0.7257429872240339
0.7369435557297298
0.7289245511804309
0.7463650873729161
0.740400493144989
0.7634764100824084
0.735713962997709
0.72943862421172
0.7260330276829856
0.732256680727005
0.7265367252486092
0.7436844238213131
0.721137306519917
0.7332083071981158
0.717758059501648
0.7523229590484074
0.7467381272997174
0.729525761944907
0.7387662061623165
0.7215699000017983
0.7614647362913404
0.7261358499526978
0.7408474896635328
0.7539510301181248
0.7311989622456687
0.7520180089133126
0.7316322326660156
0.7113895756857735
0.7326550568853106
0.7166921751839774
0.7364591998713357
0.7510059220450265
0.7411294409206935
0.7240988186427525
0.7518247280802045
0.74301849092756
0.7249008587428502
0.753661721944809
0.7327140484537397
0.7300881573132106
0.7530283374445779
0.722261552299772
0.7371740511485508
0.7430855802127293
0.7446035146713257
0.7545287651675088
0.731788477727345
0.7348608033997672
0.731858070407595
0.7362625045435769
0.7467277773788997
0.7522016295364925
0.748433666569846
0.7349522369248527
0.7299063205718994
0.7378402692931039
0.7258485385349819
0.7338594794273376
0.7219434934003013
0.7396076789924076
0.7579063730580466
0.7339506702763694
0.7371660981859479
0.7474307715892792
0.7360707819461823
0.7219419223921639
0.7380293437412807
0.75558859535626
0.7401191890239716
0.7325839400291443
0.7278048183236804
0.7474347565855298
0.7246413230895996
0.7539468535355159
0.7394925994532449
0.7521852127143315
0.7349933385848999
0.7206738889217377
0.7425620470728193
0.7603696414402553
0.7591918068272727
0.7517050674983433
0.7327681907585689
0.7202406525611877
0.7394602724484035
0.755023113318852
0.74379244021007
0.7465410828590393
0.740876921585628
0.737159537417548
0.7356079348496029
0.7363288956029075
0.7245087538446698
0.750164304460798
0.7403982664857592
0.7538415150982993
0.7299248916762215
0.7188483434064048
0.7215844435351235
0.7475740781852177
0.7223249971866608
0.7163585722446442
0.7291091212204525
0.7389436066150665
0.7330041485173362
0.7377856969833374
0.7309903119291578
0.742112010717392
0.7395901424544198
0.7280538848468235
0.7312261887959072
0.7413851533617292
0.7356295585632324
0.742590776511601
0.7477057491030011
0.7272584778921944
0.7318956341062274
0.7506455097879682
0.758614067520414
0.7268604636192322
0.7271725663117
0.7242730132171086
0.7393266643796649
0.7484007222311837
0.7388384214469365
0.7228890103953225
0.7238186597824097
0.7485458425113133
0.7447994649410248
0.7453887973512922
0.7306292184761592
0.7341349678380149
0.7220144058976855
0.7329816349915096
0.7255124918052128
0.7582892520087106
0.7337154703480857
0.7242134979793003
0.7352263501712254
0.7357863698686872
0.719996724809919
0.7422455889838082
0.7374082974025181
0.7248811296054295
0.7286194307463509
0.7381484721388135
0.7599476448127201
0.7384438344410488
0.7192792892456055
0.7306786264692035
0.7408118673733303
0.7476892130715507
0.7225248302732196
0.7393897133214133
0.7314325996807644
0.7374943792819977
0.7383047810622624
0.7487388976982662
0.7513983930860247
0.7324766090938023
0.7251046895980835
0.7430813780852726
0.7345757271562304
0.7252714889390128
0.7311282668794904
0.7526190323489053
0.735021391085216
0.7401249834469387
0.741483496768134
0.7358635067939758
0.719644695520401
0.7447391748428345
0.7231460554259164
0.7192512367452893
0.7460151995931353
0.7213077885763985
0.7346818319388798
0.7326650832380567
0.739998825958797
0.7446940583842141
0.7265301815101078
0.7203410821301597
0.7100071907043457
0.7157640670027051
0.7231243933950152
0.7311685681343079
0.744007979120527
0.7400780575616019
0.7609846421650478
0.7334004640579224
0.7410502859524318
0.722165754863194
0.7397341813359942
0.7373284229210445
0.7373790485518319
0.7450988931315286
0.7406104249613625
0.7279429904052189
0.7236728497913906
0.7266050747462681
0.737399446112769
0.7139109075069427
0.7120873076575143
0.7453192131859916
0.7217636576720646
0.7434007951191494
0.7374808192253113
0.744932506765638
0.7394730022975377
0.7041005449635642
0.7310475281306675
0.7398951479366848
0.7580474615097046
0.7239745855331421
0.7412439669881549
0.7217173278331757
0.7453737684658596
0.7209210523537227
0.7117584475449154
0.727031192609242
0.7463386825152806
0.7375974229403904
0.7233589802469526
0.7331086226872036
0.7400669881275722
0.7318793109485081
0.7189962353025164
0.7604283136980874
0.7674478079591479
0.7235450574329921
0.7334054367882865
0.7338552134377616
0.7539462660040174
0.7492251140730721
0.7285726836749485
0.7266546615532467
0.7293569786208016
0.733426536832537
0.7414644530841282
0.7436106290136065
0.7350243031978607
0.7185364578451429
0.743355814899717
0.7352089924471719
0.7584773812975202
0.7199849784374237
0.7322677203587123
0.7207074548516955
0.7450962960720062
0.7332357849393573
0.7486309238842556
0.7295243995530265
0.7217780777386257
0.7414384271417346
0.7317876390048436
0.7444305121898651
0.7232035909380231
0.7395237003053937
0.7659114854676383
0.7447983367102486
0.7198190220764705
0.7434868769986289
0.7483613831656319
0.739247556243624
0.7370608321258
0.729242593050003
0.728802570274898
0.7427610584667751
0.7176903784275055
0.7483986232961927
0.747649005481175
0.7557139098644257
0.7343133773122515
0.7358165298189435
0.7481045339788709
0.7205543901239123
0.7246962402548108
0.7282966715948922
0.7347129455634526
0.732814107622419
0.7367952210562569
0.7497819874967847
0.7441347581999642
0.7378937985215869
0.7294200233050755
0.7315242631094796
0.7477867262704032
0.742316837821688
0.7444144785404205
0.7513235935143062
0.7253590396472386
0.7332445127623421
0.7601523527077266
0.7397749253681728
0.7349315455981663
0.7504584491252899
0.7225908253874097
0.7204181935106005
0.7398511299065181
0.7231267264911106
0.7382019673074994
0.7381167496953692
0.7140178254672459
0.7547886882509504
0.7290050727980477
0.7321239198957171
0.729182745729174
0.7270457446575165
0.720551712172372
0.730427337544305
0.7583188499723162
0.7305753358772823
0.7465915594782148
0.741495783839907
0.742107697895595
0.7300768281732287
0.7219201837267194
0.7422439115388053
0.7547710580485207
0.7308071425982884
0.7296126995767865
0.7294384070805141
0.7344073355197906
0.7352473608085087
0.7226296407835824
0.73324025954519
0.7167124705655235
0.7385962775775364
0.7499126068183354
0.7348695482526507
0.725293619292123
0.7236128066267286
0.7355830286230359
0.7264527678489685
0.7351362790380206
0.7392756768635341
0.7278796349252973
0.7236334426062447
0.7317652021135602
0.7366611404078347
0.740207097360066
0.741790805544172
0.7485534676483699
0.7576329580375126
0.7088091586317334
0.7368451825210026
0.7350054511002132
0.7628119587898254
0.7506123270307269
0.7312805567468915
0.7269587303910937
0.7268875581877572
0.7260829423155103
0.7168780096939632
0.7466923126152584
0.7480915061065129
0.7361125903470176
0.7460136924471173
0.7460508559431348
0.7247628782476697
0.7550840675830841
0.7335703074932098
0.7272927250180926
0.7210201621055603
0.7513893970421383
0.7443136317389352
0.7285012432507106
0.7441056626183646
0.7363924724715096
0.7386850459235055
0.7488321236201695
0.7495673724583217
0.7353296492780957
0.7379011384078434
0.7225963856492724
0.7318614423274994
0.7384715378284454
0.7432028268064771
0.7325883337429592
0.7310978940555027
0.7352285427706582
0.7411610739571708
0.731817194393703
0.7375103873865945
0.7475805878639221
0.7393588679177421
0.7348222093922752
0.7302797990185874
0.7215900846890041
0.751417509147099
0.7406637072563171
0.7417993715831211
0.7389528325625828
0.7307871835572379
0.7493117451667786
0.7358404951436179
0.7299280507223946
0.7298589306218284
0.7338901204722268
0.7495712893349784
0.7280520456177848
0.7348676323890686
0.7508307525089809
0.7412060073443821
0.741638605083738
0.7370545651231494
0.7365034903798785
0.7423147857189178
0.723110054220472
0.7274748172078814
0.7569847873279026
0.733975316796984
0.7446350710732597
0.7429044246673584
0.7138939031532833
0.7266589999198914
0.7377982948507581
0.7478843629360199
0.7505090917859759
0.7297881288187844
0.7360494562557766
0.7456797574247632
0.7424338928290776
0.7345863878726959
0.7468235109533582
0.722801217011043
0.7451618356364114
0.7327213670526233
0.7307608553341457
0.73823082447052
0.7672728257519859
0.7669698297977448
0.7240640308175769
0.7380567278180804
0.7320442966052464
0.7425278638090406
0.7123232867036547
0.7684817484446934
0.7277932975973401
0.7234746132578168
0.7373783503259931
0.7459468415805272
0.7501242586544582
0.7338032126426697
0.7556736724717277
0.7389828094414302
0.7314582765102386
0.7337435356208256
0.7422669146742139
0.7367019823619297
0.7323669110025678
0.7177037341254098
0.7114290424755642
0.7255743486540658
0.7023831989083972
0.7453319004603794
0.7320933299405235
0.7282098829746246
0.7261916015829358
0.7321814170905522
0.7263009803635734
0.7269478482859475
0.7333638966083527
0.7316108047962189
0.7213852277823857
0.7496211230754852
0.7494760240827288
0.732308396271297
0.7343341921057019
0.7506359815597534
0.7471757658890316
0.7264221182891301
0.7623877653053829
0.744008115359715
0.7236106608595166
0.7498850950172969
0.7345617456095559
0.752033178295408
0.728462393794741
0.7533449615750994
0.7290605051176888
0.7235837961946215
0.7265214792319706
0.7423879035881588
0.7494257518223354
0.7131493432181222
0.7525938451290131
0.7457675082342965
0.7529098348958152
0.737616513456617
0.7526216847555978
0.7520186049597604
0.7382274653230395
0.7364985389368874
0.7666719087532589
0.7279539278575352
0.7386625153677804
0.7314723517213549
0.7161258884838649
0.7279397462095533
0.7544627061911992
0.7428521471364158
0.7313473267214639
0.7330863177776337
0.7291829245431083
0.729386853320258
0.7345225555556161
0.7156505286693573
0.7264350312096732
0.755300943340574
0.7211933519159045
0.7429287689072746
0.7415866596358163
0.7342559567519596
0.7305659353733063
0.7332461859498706
0.7480241996901376
0.7485058307647705
0.7246222027710506
0.751056603022984
0.736998302595956
0.7480485907622746
0.7413566197667804
0.748788024697985
0.7358539189611163
0.7172424665519169
0.7326732873916626
0.7324637046882084
0.7290370804922921
0.7418463996478489
0.7478412985801697
0.742030314036778
0.735821076801845
0.7319888174533844
0.7560232835156577
0.7183462083339691
0.7367982949529376
0.7408138854163033
0.741904228925705
0.7561349655900683
0.7416434969220843
0.7541793755122593
0.7567238552229745
0.7221190673964364
0.7368121572903225
0.754226450409208
0.7501933489527021
0.7312942019530705
0.7169840122972216
0.7441025120871407
0.7349707909992763
0.7164285097803388
0.7349472939968109
0.7294979734080178
0.7267640488488334
0.7357584067753383
0.7376587305750165
0.73874061022486
0.7377377961363111
0.7381509712764195
0.7458705135754177
0.7269227462155479
0.7431580679757255
0.7280919253826141
0.7221931942871639
0.7424975974219186
0.725736311503819
0.7230204599244254
0.7334164253302983
0.7192481500761849
0.7559010131018502
0.7379263724599566
0.7451354435511998
0.7262969400201525
0.7417540209633964
0.734934389591217
0.7227851407868522
0.7371375816208976
0.7438596614769527
0.7264268824032375
0.7243332777704511
0.7310450162206378
0.7602421428476062
0.7215406213487897
0.7397931558745248
0.7387169003486633
0.7275036530835288
0.7477332268442426
0.7282440960407257
0.7399817151682717
0.7195067874022892
0.7227984496525356
0.7246763237885067
0.7471173703670502
0.7352107039519719
0.7263233874525342
0.7482088378497532
0.742017890725817
0.7350190665040698
0.735587056194033
0.7335401092256818
0.7303372621536255
0.7334683282034737
0.7411353204931531
0.7443597103868212
0.7231934751783099
0.7297626606055668
0.7306899172919137
0.7404753523213523
0.7411187291145325
0.7327410621302468
0.7394071391650608
0.736524190221514
0.7230008201939719
0.7312523765223367
0.749743504183633
0.7268822363444737
0.7488594438348498
0.7412479179246085
0.7411145951066699
0.7346943361418588
0.722836549792971
0.762699944632394
0.7369288120950971
0.7272930145263672
0.7316699240888868
0.7178429705756051
0.7308138353484017
0.7322032834802356
0.7416815161705017
0.7191757176603589
0.7359260107789721
0.7499354566846576
0.7434555760451725
0.7424235045909882
0.7494247257709503
0.742809351001467
0.7467573285102844
0.7507797905376979
0.7121833605425698
0.7587733481611524
0.7473458179405758
0.7659835389682225
0.747522234916687
0.7365734875202179
0.7319905459880829
0.7340270962033953
0.7404316237994603
0.7325863284724099
0.7350986897945404
0.7435122898646763
0.727159423487527
0.7404442344393048
0.7210197831903186
0.7459178396633693
0.7514585128852299
0.7370353596551078
0.7252139321395329
0.7358457105500358
0.7320382765361241
0.7354265749454498
0.7451039126941136
0.7316844165325165
0.7408340190138135
0.7382384155477796
0.723526405436652
0.7248930377619607
0.7289192293371473
0.7367230781487056
0.7467668439660754
0.7623750482286725
0.7167351799351829
0.7375382397856031
0.7111540010997227
0.7399481109210423
0.766102522611618
0.740429835660117
0.7175830730370113
0.7398671635559627
0.7398259043693542
0.7391124239989689
0.7337309845856258
0.7336494624614716
0.7416338452271053
0.7225281255585807
0.7451676598617009
0.7329931088856289
0.7511972912720272
0.7407929812158857
0.7195269806044442
0.7177083960601262
0.7498693551336016
0.7429303739752088
0.7252091893127987
0.7415386778967721
0.7226088685648782
0.7438068645341056
0.7272612239633288
0.7307956218719482
0.7224878583635602
0.7416990527084896
0.7479301350457328
0.7434918028967721
0.7368654651301247
0.744876721075603
0.746370221887316
0.7336057509694781
0.7516086101531982
0.7185968586376735
0.7424606212547847
0.7239842968327659
0.7464441614491599
0.7602367230824062
0.7296627887657711
0.7333245064531054
0.7433964226927076
0.7512812529291425
0.7517659536429814
0.732234673840659
0.7239399594920022
0.7526108537401471
0.7348123873983111
0.7280054773603167
0.7407633704798562
0.7360339675630841
0.7384010383061
0.7163416317531041
0.7218490881579263
0.7204496732779911
0.7371127605438232
0.7620157258851188
0.7268451196806771
0.7294919107641492
0.7170013274465289
0.7473257184028625
0.7406441484178815
0.7339895921094077
0.7412991097995213
0.7154175894601005
0.7553165555000305
0.7336861448628562
0.7303206665175301
0.7195436188152858
0.7432898155280522
0.7326180849756513
0.7532800265720913
0.729744417326791
0.7260984054633549
0.717220847095762
0.7570110942636218
0.7397481075354985
0.7449620025498527
0.7545311238084521
0.7374148283685956
0.7554889789649418
0.7417005300521851
0.7229500540665218
0.7329663847173963
0.7622193608965192
0.7282407113483974
0.7647489820207868
0.7215437889099121
0.7468284368515015
0.7420206836291722
0.7326195963791439
0.7469455684934344
0.7376005479267665
0.7575846910476685
0.7410102273736682
0.7220292900289808
0.7440628622259412
0.7197997399738857
0.7307926714420319
0.7195329580988202
0.7268222783293042
0.7450642032282693
0.7316744157246181
0.744863782610212
0.7259899931294578
0.7393879507269178
0.7537539729050228
0.7342885647501264
0.7404895382268089
0.7287960818835667
0.7248369838510241
0.7290072355951581
0.7285119167396
0.7304272481373378
0.74957788842065
0.7509611461843763
0.7472884953022003
0.7373965084552765
0.7249353698321751
0.7333178009305682
0.728171386889049
0.7475277057715825
0.7229720183781215
0.7076998736177172
0.7351107980523791
0.7471016602856773
0.7472760123865945
0.7279501983097622
0.7274589197976249
0.727534966809409
0.7443851360252925
0.741567781993321
0.7451206658567701
0.7108267375401088
0.7405336414064679
0.7399063408374786